includes/dem_pilot2.asc
ncols         231
nrows         184
xllcorner     171882.33999373
yllcorner     1690294.8791152
cellsize      89.856478266053
NODATA_value  -9999
[rows 58 to 86 of 184, columns 0 to 64 of 231]
0 0 0 0 0 0 0 0 0 0 0 0 0 0 0 0 0 0 0 0 0 0 0 0 0 0 0 0 0 0 0 0 0 0 0 0 0 0 0 0 0 0 0 0 0 0 0 0 0 0 0 0 0 0 0 0 0 0 0 0 0 0 0 29.80648 0
0 0 0 0 0 0 0 0 0 0 0 0 0 0 0 0 0 0 0 0 0 0 0 0 0 0 0 0 0 0 0 0 0 0 0 0 0 0 0 0 0 0 0 0 0 0 0 0 0 0 0 0 0 0 0 0 0 0 0 0 0 0 33.03737 30.3326 27.40087
0 0 0 0 0 0 0 0 0 0 0 0 0 0 0 0 0 0 0 0 0 0 0 0 0 0 0 0 0 0 0 0 0 0 0 0 0 0 0 0 0 0 0 0 0 0 0 0 0 0 0 0 0 0 0 0 0 0 0 0 33.161 33.01394 28.50843 24.14933 21.75011
0 0 0 0 0 0 0 0 0 0 0 0 0 0 0 0 0 23.80074 20.82521 16.99479 15.50193 18.44599 21.86654 21.35507 24.47662 30.32767 0 0 0 0 0 0 0 0 0 0 0 0 0 0 0 0 0 0 0 0 0 0 0 0 0 0 0 0 0 0 0 0 0 31.83345 28.28043 25.79195 20.41065 20.33479 19.47233
0 0 0 0 0 0 0 0 0 0 0 0 0 0 28.89282 31.39635 33.37919 29.05491 25.1293 22.13742 18.26232 24.19544 24.75732 20.77538 21.62365 29.71924 34.06507 27.13523 26.14846 25.06137 18.06371 24.16594 19.37224 15.79462 0 0 0 0 0 0 0 0 0 0 0 0 0 0 0 0 0 0 0 0 0 0 25.2058 29.31778 27.96176 18.91881 23.09231 30.69406 28.61493 18.66379 15.59961
0 0 0 0 0 0 0 0 0 0 0 0 25.54685 30.82365 31.47651 31.05264 30.16074 29.00055 26.63423 25.89545 19.69104 27.12839 24.54906 21.92218 20.69366 27.78228 31.78081 24.47683 27.05441 24.76128 16.5415 21.30423 17.65223 12.35396 23.78584 25.3253 21.22506 19.51921 17.94097 18.28435 20.25092 23.61739 21.22506 25.16287 21.05823 16.31597 22.19953 26.51582 25.30239 26.43598 28.48043 24.58326 27.23586 22.665 28.3949 28.58978 26.37169 27.47582 20.26251 6.686124 11.19021 29.41847 35.66221 26.92466 19.38315
0 0 0 0 0 0 0 0 0 0 0 0 27.10497 29.63417 23.94254 19.9063 23.1979 27.96062 21.45892 26.95939 21.82164 23.84264 19.26104 19.10917 20.39446 26.75581 33.3648 23.61994 19.49898 17.93509 19.64415 16.79255 21.74127 26.92414 36.62355 36.1903 27.417 23.18024 19.31506 19.60538 17.58299 20.57335 18.82501 25.76671 20.47183 17.26594 21.16783 26.16859 21.31677 17.62002 28.092 25.45019 23.48229 16.19579 25.66724 29.63887 25.24036 23.19093 19.31534 18.2457 14.29151 15.89445 33.26887 28.1205 18.18023
0 0 0 0 0 0 0 0 0 0 0 18.26323 30.56802 29.13528 20.49131 14.22615 19.14814 24.75851 12.57846 22.44371 25.6889 22.50667 18.83517 15.98069 17.45435 22.21554 31.54831 25.97173 14.22205 15.10092 21.15367 15.69147 27.49472 31.23911 31.64724 27.32474 19.59133 21.0842 20.00929 18.30936 16.20947 21.82045 24.20833 22.2225 17.09792 17.60959 22.22829 26.64444 20.87691 12.38858 19.57561 23.11336 20.72026 12.16895 27.29432 27.29043 18.82966 17.83148 15.4385 14.65482 20.69545 13.97032 23.13787 28.08491 21.08071
0 0 0 0 0 0 0 0 0 0 0 22.73382 29.6239 23.40118 17.95455 11.76829 14.53676 18.58693 13.43946 12.11592 20.85767 20.32693 18.87285 14.4212 13.17751 16.0188 25.79399 24.92366 12.3953 17.12285 21.81688 19.61749 28.11712 28.1081 25.73604 22.29212 16.94111 14.66114 18.70836 17.13627 17.17811 22.61534 26.49452 23.50859 20.72512 15.94926 22.61534 28.79536 20.77971 12.19047 15.89768 24.80902 22.26903 15.47415 26.91808 22.23663 16.44058 13.4364 8.220708 4.277414 11.74131 16.60223 13.26667 19.71648 17.27372
0 0 0 0 0 0 0 0 0 0 0 23.30539 30.52287 24.83245 21.35531 17.58806 16.7212 15.27421 16.56098 14.14642 13.52838 16.2602 14.75411 10.46843 10.20809 15.14703 24.78043 24.14502 19.25907 18.92891 17.10547 13.37101 24.0474 26.51759 24.81217 23.42869 18.54198 11.38669 17.2442 14.08939 12.94743 16.45126 18.9557 20.00447 25.31595 21.70128 23.37212 25.03419 13.80985 11.87503 16.93314 26.44382 23.59552 15.93495 25.58445 23.73031 19.52226 12.74286 7.614976 12.51078 12.29119 15.12076 12.59119 14.27357 13.54097
0 0 0 0 0 0 0 0 0 0 0 18.07014 32.91978 32.32713 24.86409 21.87223 19.39125 17.91468 15.53334 13.59593 10.47537 10.78033 9.862291 10.54907 12.43839 16.41955 23.37212 25.95118 25.37541 16.76836 12.62555 8.075474 21.36977 27.39432 25.69208 23.80661 19.70308 14.58818 16.40435 13.46001 10.42146 9.245444 7.0971 6.926249 16.41955 23.06729 24.45046 20.96997 13.17214 9.881402 12.43026 23.15142 20.35707 12.81008 23.52909 22.14371 14.32569 12.96386 15.51302 17.19442 13.08089 13.418 9.24346 8.485963 9.937881
0 0 0 0 0 0 0 0 0 0 0 12.71866 35.14275 37.17675 25.37256 21.73577 19.88173 15.06153 13.2489 14.15384 15.20397 10.46612 10.16519 10.60683 10.86733 14.21877 17.03739 19.55987 23.69212 24.02094 22.0795 13.18467 18.96232 30.15206 29.12863 22.16164 16.3798 10.90944 11.55617 16.5076 13.62525 9.984278 6.514578 4.604185 5.3883 14.61956 18.59549 17.11105 12.85482 8.276711 10.89782 21.6116 19.00742 1.501121 18.33012 21.62341 16.21227 11.66148 7.852313 9.771748 10.21106 10.89616 14.05828 11.79165 10.60626
0 0 0 0 0 0 0 0 0 0 0 14.88257 34.07146 38.41701 28.70089 18.37814 14.28377 11.6984 17.11105 17.53346 15.00588 10.19381 10.12389 6.711186 6.590553 8.456197 9.901086 12.52976 17.32419 24.08763 29.73135 22.24937 17.77313 31.86337 28.80493 17.19442 9.709832 9.053476 6.274002 11.85286 13.73115 13.27378 14.13652 9.827669 4.890987 11.76575 14.05703 14.99356 12.24168 9.217619 10.86789 21.33372 21.41991 9.802857 16.10247 24.59165 26.4803 25.33923 21.12682 17.09267 14.85885 4.386221 8.654481 11.47126 10.80271
0 0 0 0 0 0 0 0 0 0 0 0 28.92396 36.97162 33.31262 21.47037 15.98996 20.16312 22.17653 14.65363 10.04013 8.015679 8.459106 8.071654 9.984278 6.846876 5.296915 8.677159 14.7545 18.0885 28.76785 27.32018 16.71445 29.66189 24.70308 14.88062 6.996708 8.462014 12.94972 9.256021 13.41186 13.95441 13.37321 14.81401 7.180509 15.87181 15.90414 11.0216 8.246146 7.154552 13.8775 21.81903 22.2607 14.71441 8.28043 19.09663 22.74795 21.54611 20.26251 16.42645 14.9043 11.63268 3.486232 7.179646 7.624716
0 0 0 0 0 0 0 0 0 0 0 0 29.4204 35.53318 35.91351 28.38018 21.09169 26.13739 22.8222 16.79758 8.380926 5.626795 4.689291 5.947388 13.21683 15.17136 11.96725 12.91313 18.30545 15.7475 23.9627 26.60832 19.97629 25.32244 18.18843 14.88062 8.930141 10.42146 14.71638 11.29132 10.99148 13.97158 13.24712 15.72533 12.68132 16.00456 18.00632 6.520308 5.173708 6.61411 16.92782 21.39303 21.83805 22.48822 15.72424 1.509527 17.96319 24.17578 21.73864 17.65128 15.37924 12.88562 5.747676 5.534922 5.442608
0 0 0 0 0 0 0 0 0 0 0 0 34.33518 35.85665 36.08012 29.07967 16.00706 11.82053 11.85034 17.89051 14.96234 9.540051 8.177876 8.710355 12.08882 17.41591 13.52838 13.62137 19.07267 14.24498 21.76826 23.89611 21.52551 19.7566 10.2348 12.74007 13.53706 12.91726 13.30746 10.80104 7.857816 6.37937 8.789621 13.53836 11.24276 16.96599 20.63208 10.98874 8.214711 5.619013 14.52598 19.63151 19.60455 21.93045 23.95688 11.86899 16.35451 26.12214 21.38911 17.83833 14.637 13.06056 11.82862 11.16113 9.10406
0 0 0 0 0 0 0 0 0 0 0 33.61287 35.11553 33.43513 31.74701 23.1254 6.156654 9.622177 10.68124 2.469219 13.58556 14.03999 13.00982 10.048 7.144143 9.619007 7.054132 9.624078 16.9577 10.11489 18.16169 20.53484 15.94068 13.49664 8.398529 8.770751 18.16534 16.13952 12.93327 10.39469 6.141443 5.001271 1.746542 10.05223 9.525329 17.45979 17.05716 7.566082 8.458379 6.911888 10.7371 13.77886 15.63336 17.45691 22.56915 11.68662 18.54198 24.17967 16.42403 15.86965 16.85818 19.18077 18.12758 14.66589 12.92824
0 0 0 0 0 0 0 0 0 0 30.73366 31.37324 26.5362 26.00471 27.49472 15.83507 8.932887 17.25102 21.79116 19.90306 9.79167 1.814039 6.156654 7.970137 3.843668 6.772963 5.959969 10.65858 16.3389 8.267777 11.70863 17.76437 13.0565 9.259984 6.058619 8.096064 21.06597 17.45435 13.41143 9.809067 6.846876 6.230139 3.98988 8.591786 14.22615 15.57462 10.3145 3.972496 7.120662 14.06616 13.94142 12.15522 14.18594 19.54218 22.04577 6.117023 19.27118 18.76826 9.259984 11.98918 12.92824 13.85725 17.29477 16.04722 12.54112
0 0 0 0 0 0 0 0 0 0 28.79752 29.20669 22.86654 23.20661 25.5167 7.281669 15.95999 17.79094 19.02118 24.93598 19.52115 13.69224 7.131978 5.525875 6.818686 3.49165 6.968257 13.16722 13.1457 9.136946 5.943188 14.139 10.84064 6.813217 10.46612 12.18069 22.3743 17.79063 11.19074 7.085727 6.230139 3.529342 1.993401 6.813217 12.3424 12.48179 8.363284 6.301751 7.721404 18.64263 17.77532 11.51875 13.38156 17.2416 16.50348 8.909524 12.7749 17.50034 15.47415 14.96234 16.75389 18.98101 24.28198 21.25371 20.4083
0 0 0 0 0 0 0 0 0 0 29.84783 29.95241 29.17049 25.86133 14.82299 9.565598 21.66552 22.35777 16.09115 21.61401 16.94111 15.821 12.23876 2.717601 9.646857 5.633458 10.02378 10.75958 10.11188 9.06767 7.296971 9.494525 14.74154 15.87181 10.42263 11.84024 23.07541 19.52115 15.14171 13.62137 12.76237 9.762394 7.357008 12.11592 11.24864 5.363853 5.231494 5.742238 6.55078 17.50385 23.65322 18.4236 12.30861 13.64117 15.60255 13.11424 3.735685 7.688512 14.87246 16.17858 10.18189 12.51838 22.20997 19.28695 23.34105
0 0 0 0 0 0 0 0 0 0 27.06265 18.47101 12.75819 5.698543 7.360375 19.80993 23.21162 18.86909 8.150701 19.31506 19.13222 17.94745 17.64024 7.076088 5.626795 10.40401 10.60626 8.001814 9.530453 10.04679 8.51634 7.54889 19.33499 19.20937 15.78195 14.7085 20.53536 11.52968 8.410242 8.958922 8.141622 4.87429 5.170075 13.03159 13.5505 7.172732 3.125818 1.312196 3.815725 11.0734 18.94418 19.95076 16.01275 10.64496 7.769275 10.584 13.74991 13.15198 6.418302 10.49789 4.829041 9.81279 15.10435 4.836829 5.524743
0 0 0 0 0 0 0 0 0 0 19.49621 7.196898 3.306213 8.842508 14.58141 18.66614 15.55952 5.447205 8.43945 13.22218 14.12124 18.33463 21.85088 16.21052 7.608476 8.177876 7.608476 8.668662 10.72416 7.172732 2.433139 2.07422 12.77258 20.57232 24.52923 20.51827 18.76914 11.03089 12.10854 16.10847 13.47834 9.2857 3.554247 8.795204 13.16722 10.217 6.520308 3.88115 4.527169 6.477207 15.51376 18.21876 20.35288 14.67181 0.4640023 14.29966 21.68305 22.36397 20.79192 19.8544 10.5146 6.120081 11.63834 5.868129 7.536585
0 0 0 0 0 0 0 0 0 0 11.44769 3.49165 5.541698 12.58365 15.28024 17.14511 11.96974 2.024868 9.707322 6.681472 5.377837 11.00628 16.87687 15.33658 13.29284 8.737096 1.814039 5.698543 7.886054 14.09146 20.2554 21.73864 14.82143 6.169807 15.23914 18.00016 13.99331 9.841905 14.01042 14.60249 7.250963 3.109633 4.370435 4.05246 12.08191 10.01832 5.442608 4.87429 1.702531 3.681347 16.55551 23.27615 26.74532 17.81434 11.86647 19.01172 14.21303 19.14785 21.04897 22.87566 21.05272 8.811931 10.15742 13.97659 16.49388
0 0 0 0 0 0 0 0 0 0 0.9072469 6.002749 9.707322 17.23023 14.69904 15.79932 9.222262 5.3883 11.28546 7.45401 7.201204 14.10015 17.36192 14.955 10.68351 9.694758 10.65688 10.91552 17.67618 23.42633 23.8625 26.16569 29.96047 29.07193 11.77236 8.12343 9.400811 7.467286 6.419272 10.59028 11.77998 9.927471 4.87429 6.519354 11.08699 6.067879 9.482945 8.403655 7.210669 1.530339 23.74715 30.90215 25.59478 7.653049 16.49937 22.60042 11.92976 13.82129 20.12913 19.67461 23.1979 18.38263 8.086919 18.26232 18.68258
0 0 0 0 0 0 0 0 0 0 9.629145 10.27739 12.07697 13.39738 10.22472 12.08882 7.057649 11.47073 15.21192 16.18842 18.36915 17.50672 13.94016 7.76291 10.22235 13.51969 11.58881 9.864142 18.0784 18.63792 18.73294 18.91073 21.87081 32.27717 28.11519 17.90632 15.60696 16.07983 18.44986 19.27991 15.17136 5.316969 4.262693 10.17235 7.757336 5.217109 6.911888 8.250627 10.34736 3.894101 28.77079 29.48273 14.42684 18.01646 24.63691 24.05608 20.67906 22.7392 26.13739 22.0596 23.37535 22.04718 4.072588 18.53161 26.25262
0 0 0 0 0 0 0 0 0 0 9.866611 9.475217 10.24606 9.702927 11.14332 10.09264 1.672545 11.89062 13.03884 13.42151 10.26794 3.767573 5.569838 8.015679 6.733383 5.404536 6.703771 6.636642 15.18274 14.51358 15.09443 11.71834 15.08908 23.76798 26.31558 26.21906 26.19484 26.07683 21.28527 15.84517 17.25102 7.614976 9.031124 16.94111 18.70836 11.11303 5.815746 10.07698 9.87216 4.370435 27.6661 27.91573 18.00755 23.88693 28.26768 28.90571 28.35546 28.21258 25.44716 25.95338 28.5257 27.61774 14.65046 17.02255 32.64026
0 0 0 0 0 0 0 0 0 0 0 17.16832 12.21976 11.55825 15.60255 13.21683 10.77361 14.6005 11.33806 10.6262 12.04482 13.88972 11.28546 7.96084 6.080203 5.737884 7.96084 7.364582 9.697901 13.63343 12.5198 5.139694 11.85034 14.15961 14.33422 11.76829 4.796455 4.124762 9.001909 11.18375 14.58977 16.64404 18.22149 19.11116 20.37068 17.65223 14.50637 6.418302 9.321836 3.329016 22.2533 28.81511 22.36144 25.85099 24.13454 22.3906 23.107 21.3612 15.98033 22.28012 31.0304 31.96668 22.74705 9.042646 33.58067
0 0 0 0 0 0 0 0 0 0 0 0 0 10.6353 13.56177 9.895555 11.73111 18.19086 17.77657 11.37455 11.74946 11.88912 10.80048 10.79768 12.96112 12.75076 13.20969 13.15781 9.637373 6.344121 10.57371 8.998506 11.97872 12.35782 10.2063 11.525 11.50051 10.89893 6.722294 4.87429 9.646857 11.38669 8.953448 6.523171 11.46393 17.92211 16.57019 6.914583 9.069695 9.937269 12.16748 21.40427 19.3462 19.05467 12.63306 15.35306 19.05409 14.43329 7.627959 9.385203 24.24285 32.22505 30.7755 10.66765 26.92327
0 0 0 0 0 0 0 0 0 0 0 0 0 14.66747 13.42195 7.596272 6.7803 12.30135 17.18953 12.94743 10.85622 11.07177 12.14787 14.78977 17.51818 16.47877 14.18676 13.21683 11.06579 7.985606 4.010327 2.476882 10.14306 11.60431 8.270756 7.755743 8.096064 7.275709 6.97271 4.63002 7.306306 11.90971 14.6374 14.66114 17.65885 19.37896 17.53378 12.41112 11.58726 11.02379 9.890635 19.00254 23.49833 21.23198 19.0601 20.55605 19.02118 6.334293 6.117023 7.238128 11.48798 27.36874 34.82982 27.6373 21.01692
