includes/dem_pilot.asc
ncols         297
nrows         221
xllcorner     181739.54041205
yllcorner     1697004.2836612
cellsize      29.882412706034
NODATA_value  -9999
[rows 56 to 83 of 221, columns 65 to 129 of 297]
24.14999 23.96504 23.7801 23.67699 24.62527 25.57354 26.46461 26.53574 26.60686 26.5908 25.16431 23.73782 22.25071 19.64057 17.03044 14.45436 12.6145 10.77465 9.016356 9.368555 9.720755 10.07022 10.33182 10.59342 10.8525 11.00545 11.1584 11.31754 11.85192 12.38631 12.93318 14.82416 16.71515 18.60128 18.28581 17.97034 17.65486 17.5708 17.48785 17.40491 17.55729 17.71248 17.86768 16.42914 14.96004 13.49095 13.57573 13.70169 13.82764 15.93466 18.10889 20.28313 21.10381 21.86836 22.63291 25.07111 27.5915 30.1119 28.72672 27.11939 25.51207 21.48284 17.29678 13.11072 13.25372
23.22829 23.20437 23.18046 23.2217 24.1 24.97831 25.81212 26.00826 26.20439 26.32953 25.30612 24.28271 23.21479 21.32225 19.42971 17.52946 15.46254 13.39561 11.41294 11.61029 11.80765 12.02 12.71395 13.4079 14.08279 13.95523 13.82766 13.692 13.06471 12.43742 11.82858 13.20651 14.58444 15.95899 15.80094 15.64289 15.48484 15.64714 15.81098 15.97483 16.49847 17.0264 17.55434 16.54644 15.5091 14.47176 14.639 14.83815 15.0373 16.97114 18.96383 20.95651 21.6693 22.32901 22.98872 25.24485 27.57938 29.91392 29.10472 28.1167 27.12868 23.88934 20.50421 17.11909 16.00736
22.30659 22.4437 22.58082 22.76641 23.57474 24.38307 25.15962 25.48077 25.80192 26.06826 25.44793 24.82761 24.17888 23.00393 21.82898 20.60456 18.31057 16.01658 13.80953 13.85203 13.89454 13.96978 15.09608 16.22239 17.31308 16.905 16.49692 16.06646 14.2775 12.48853 10.72399 11.58886 12.45373 13.3167 13.31607 13.31544 13.31481 13.72347 14.13411 14.54475 15.43964 16.34032 17.241 16.66374 16.05816 15.45258 15.70227 15.97462 16.24697 18.00762 19.81876 21.6299 22.23479 22.78966 23.34454 25.41859 27.56726 29.71594 29.48271 29.114 28.74529 26.29584 23.71165 21.12745 18.76101
20.76435 20.8938 21.02326 21.19747 21.94662 22.69576 23.42537 23.875 24.32462 24.72612 24.34924 23.97236 23.58283 22.95881 22.33479 21.64019 19.41988 17.19956 15.06093 15.03578 15.01063 15.024 16.27433 17.52465 18.73431 18.23205 17.72979 17.20513 15.32026 13.43538 11.56975 11.77576 11.98177 12.18753 12.2822 12.37686 12.47153 13.06896 13.66881 14.26866 15.17757 16.09017 17.00277 16.65456 16.28219 15.90981 16.39643 16.9058 17.41516 19.05273 20.72856 22.4044 22.7116 22.96205 23.2125 24.83201 26.51877 28.20552 28.11949 27.93261 27.74574 25.54117 23.20593 20.8707 18.26312
18.82767 18.84224 18.85681 18.92065 19.61748 20.3143 21.00352 21.58381 22.16411 22.69694 22.46204 22.22714 21.9951 21.81607 21.63704 21.37947 19.42399 17.46851 15.58441 15.54702 15.50964 15.50898 16.68734 17.86571 19.00564 18.52764 18.04965 17.55828 16.25494 14.9516 13.65523 13.10969 12.56416 12.02016 12.17063 12.32111 12.47158 13.22115 13.97362 14.72609 15.42194 16.11711 16.81228 16.56498 16.29961 16.03425 16.85597 17.70649 18.55701 20.10332 21.67325 23.24317 23.13203 22.9512 22.77036 23.76214 24.81151 25.86088 25.64948 25.36637 25.08326 22.77714 20.34001 17.90288 15.69845
16.89099 16.79068 16.69036 16.64384 17.28833 17.93283 18.58167 19.29263 20.0036 20.66776 20.57484 20.48192 20.40737 20.67333 20.93928 21.11874 19.4281 17.73746 16.10789 16.05827 16.00865 15.99395 17.10036 18.20676 19.27696 18.82323 18.3695 17.91143 17.18962 16.46781 15.7407 14.44363 13.14656 11.85279 12.05907 12.26535 12.47162 13.37335 14.27843 15.18352 15.6663 16.14405 16.62179 16.4754 16.31704 16.15868 17.31551 18.50718 19.69885 21.15392 22.61793 24.08194 23.55247 22.94035 22.32822 22.69226 23.10425 23.51624 23.17948 22.80013 22.42078 20.01311 17.47408 14.93506 13.13379
16.0763 15.78663 15.49695 15.25872 15.68132 16.10392 16.55841 17.47005 18.38168 19.2448 19.32314 19.40148 19.50679 20.11172 20.71665 21.23536 19.89021 18.54505 17.24579 17.13424 17.0227 16.93329 17.55467 18.17606 18.77393 18.38234 17.99074 17.60401 17.51254 17.42107 17.31876 16.04986 14.78097 13.51558 13.84164 14.1677 14.49376 15.30177 16.11211 16.92244 17.14772 17.36601 17.58429 17.31799 17.0424 16.76682 17.72629 18.71849 19.71069 21.33319 22.97707 24.62096 24.06244 23.41259 22.76275 22.48839 22.23248 21.97657 21.37607 20.75596 20.13586 18.04502 15.85893 13.67284 12.16335
15.99606 15.46827 14.94048 14.45729 14.54699 14.63669 14.79607 15.95419 17.11231 18.21866 18.48743 18.7562 19.05599 19.93051 20.80502 21.599 20.65211 19.70521 18.78588 18.57988 18.37388 18.17005 18.03602 17.902 17.76402 17.45935 17.15468 16.86419 17.43501 18.00582 18.56467 17.83434 17.10402 16.37637 16.86409 17.3518 17.83952 18.39288 18.94655 19.50023 19.43889 19.3702 19.30152 18.77078 18.23118 17.69158 18.10516 18.54399 18.98283 20.94209 22.95293 24.96377 24.63101 24.20107 23.77113 22.8514 21.90762 20.96383 20.009 19.05354 18.09808 16.59793 15.06251 13.5271 12.23647
15.91581 15.14991 14.38402 13.65587 13.41267 13.16947 13.03373 14.43834 15.84295 17.19251 17.65172 18.11092 18.6052 19.74929 20.89339 21.96264 21.41401 20.86538 20.32598 20.02552 19.72505 19.4068 18.51738 17.62795 16.75411 16.53636 16.31862 16.12438 17.35748 18.59058 19.81057 19.61882 19.42707 19.23716 19.88654 20.53591 21.18528 21.48399 21.781 22.07801 21.73006 21.3744 21.01875 20.22356 19.41995 18.61634 18.48403 18.3695 18.25497 20.55099 22.92878 25.30658 25.19958 24.98954 24.77951 23.21441 21.58275 19.95109 18.64193 17.35111 16.0603 15.15085 14.2661 13.38135 12.30959
16.39657 15.7207 15.04482 14.38063 13.86664 13.35265 12.95336 14.19822 15.44308 16.64633 17.17652 17.70671 18.2732 19.51218 20.75117 21.91766 21.5168 21.11595 20.71618 20.34443 19.97267 19.57392 18.30835 17.04278 15.80669 15.81155 15.8164 15.84293 17.18582 18.5287 19.86162 20.12162 20.38161 20.64256 21.3344 22.02624 22.71807 23.01988 23.31981 23.61973 23.16775 22.70678 22.24581 21.25693 20.25794 19.25895 18.83183 18.41986 18.00788 20.47512 23.04004 25.60496 25.77493 25.84559 25.91625 23.92017 21.82258 19.72499 18.01919 16.33566 14.65214 14.43239 14.30744 14.18249 13.37236
17.25545 16.89074 16.52604 16.13401 15.39109 14.64817 14.00661 14.81792 15.62924 16.42363 16.9443 17.46497 18.02126 19.2374 20.45354 21.59726 21.17537 20.75347 20.33137 19.90394 19.47651 19.02011 17.63402 16.24792 14.90139 15.22029 15.53919 15.87043 16.95072 18.03101 19.10737 19.76059 20.41381 21.06704 21.72101 22.37499 23.02896 23.5076 23.98538 24.46317 24.0302 23.58635 23.1425 22.00762 20.8595 19.71137 19.15868 18.62175 18.08483 20.61172 23.24256 25.87339 26.35484 26.74717 27.1395 24.85695 22.44301 20.02908 17.8981 15.78322 13.66833 14.20502 14.91341 15.62182 15.10212
18.11433 18.06079 18.00725 17.88739 16.91554 15.94369 15.05985 15.43762 15.8154 16.20093 16.71208 17.22323 17.76931 18.96261 20.15591 21.27687 20.83393 20.39099 19.94656 19.46345 18.98034 18.46631 16.95969 15.45306 13.99609 14.62903 15.26198 15.89792 16.71562 17.53331 18.35311 19.39956 20.44602 21.49152 22.10763 22.72374 23.33985 23.99531 24.65096 25.30661 24.89266 24.46593 24.0392 22.75831 21.46106 20.1638 19.48553 18.82365 18.16178 20.74833 23.44508 26.14183 26.93476 27.64875 28.36274 25.79372 23.06344 20.33317 17.77702 15.23077 12.68452 13.97764 15.51939 17.06114 16.83188
18.40959 18.50055 18.5915 18.61123 17.71592 16.82061 15.98197 15.95569 15.9294 15.92313 16.24063 16.55812 16.91855 18.07445 19.23034 20.3188 19.94933 19.57985 19.20945 18.81503 18.42062 17.99685 16.63066 15.26447 13.94647 14.6569 15.36733 16.07583 16.66747 17.25912 17.85342 18.73384 19.61426 20.49391 21.02442 21.55493 22.08544 22.90509 23.72613 24.54717 24.34757 24.13578 23.92399 22.87798 21.81598 20.75399 20.22985 19.71996 19.21007 21.63062 24.15058 26.67054 27.55326 28.36809 29.18292 26.64385 23.94005 21.23625 18.75033 16.27681 13.80328 15.07434 16.58789 18.10144 17.97995
18.31379 18.4336 18.5534 18.62074 18.01391 17.40708 16.8131 16.40323 15.99335 15.60711 15.60318 15.59926 15.65231 16.7607 17.86909 18.9183 18.68786 18.45742 18.2279 18.02235 17.8168 17.5859 16.54122 15.49653 14.49056 15.11433 15.7381 16.3581 16.74905 17.14 17.53035 17.8567 18.18305 18.5096 18.92139 19.33318 19.74497 20.72004 21.69782 22.67561 22.82589 22.96629 23.10668 22.55982 21.99978 21.43975 21.26382 21.09808 20.93233 23.0303 25.20506 27.37983 28.19852 28.96097 29.72343 27.43387 24.9944 22.55494 20.48298 18.43193 16.38088 17.08973 17.97731 18.86488 18.72444
18.21798 18.36664 18.51531 18.63024 18.3119 17.99356 17.64424 16.85077 16.0573 15.29108 14.96574 14.6404 14.38606 15.44695 16.50785 17.5178 17.42639 17.33498 17.24636 17.22967 17.21299 17.17496 16.45178 15.72859 15.03465 15.57176 16.10888 16.64037 16.83062 17.02087 17.20728 16.97957 16.75185 16.52528 16.81836 17.11143 17.40451 18.53499 19.66952 20.80405 21.30421 21.79679 22.28938 22.24166 22.18359 22.12551 22.2978 22.47619 22.65458 24.42998 26.25955 28.08913 28.84378 29.55386 30.26394 28.22388 26.04875 23.87362 22.21563 20.58706 18.95848 19.10512 19.36672 19.62832 19.46893
18.1558 18.19658 18.23736 18.27303 18.24307 18.21311 18.12542 17.21025 16.29508 15.40566 14.93276 14.45987 14.06074 15.02833 15.99592 16.916 16.80888 16.70176 16.59723 16.55987 16.52252 16.47316 16.03852 15.60387 15.18794 15.55986 15.93178 16.29649 16.22338 16.15027 16.07295 15.5417 15.01045 14.48083 14.69306 14.90529 15.11752 16.17195 17.23043 18.28892 19.04885 19.80521 20.56157 20.85747 21.14454 21.43161 21.86923 22.31084 22.75246 24.44857 26.18725 27.92592 28.66397 29.36052 30.05708 28.17429 26.16481 24.15534 22.7761 21.4327 20.08931 20.03156 20.05706 20.08257 19.84689
18.11762 17.95287 17.78811 17.65391 17.91226 18.17061 18.35669 17.50685 16.65702 15.82777 15.33148 14.83518 14.40741 15.24898 16.09056 16.88461 16.65126 16.41791 16.18551 15.97784 15.77017 15.56364 15.39399 15.22435 15.06213 15.21277 15.36341 15.50543 15.12421 14.743 14.35925 13.70338 13.04751 12.39344 12.55187 12.7103 12.86874 13.68178 14.49798 15.31418 16.26952 17.22652 18.18352 18.71195 19.23217 19.75239 20.39617 21.04322 21.69027 23.48085 25.31022 27.1396 27.89491 28.60569 29.31647 27.52508 25.61079 23.6965 22.49944 21.34317 20.18691 20.18031 20.24815 20.316 19.96309
18.07944 17.70915 17.33887 17.0348 17.58146 18.12811 18.58795 17.80345 17.01896 16.24987 15.73019 15.2105 14.75407 15.46963 16.18519 16.85322 16.49364 16.13406 15.7738 15.3958 15.01781 14.65412 14.74947 14.84482 14.93632 14.86568 14.79504 14.71437 14.02504 13.33572 12.64555 11.86507 11.08458 10.30604 10.41068 10.51531 10.61995 11.19161 11.76552 12.33944 13.49019 14.64783 15.80547 16.56644 17.31981 18.07317 18.9231 19.77559 20.62807 22.51312 24.4332 26.35327 27.12586 27.85086 28.57587 26.87587 25.05676 23.23765 22.22277 21.25364 20.28451 20.32905 20.43924 20.54942 20.0793
16.61542 16.2213 15.82717 15.5132 16.22895 16.9447 17.55545 16.66125 15.76706 14.89426 14.36769 13.84112 13.38029 14.13745 14.8946 15.59845 15.15012 14.70179 14.24694 13.6235 13.00005 12.40734 12.8013 13.19527 13.57632 13.41407 13.25182 13.08189 12.44593 11.80996 11.1759 10.74664 10.31737 9.88926 9.985895 10.08253 10.17916 10.68237 11.18755 11.69272 12.91648 14.14883 15.38117 16.11435 16.83796 17.56157 18.49956 19.44324 20.38692 21.96044 23.55533 25.15022 25.47719 25.75158 26.02598 24.51995 22.92649 21.33301 20.6132 19.94307 19.27295 19.55329 19.89519 20.23708 19.64882
14.10342 13.819 13.53458 13.32828 14.12551 14.92274 15.5941 14.46155 13.329 12.23203 11.71072 11.1894 10.742 11.66394 12.58587 13.44452 12.93498 12.42544 11.90047 10.97635 10.05223 9.177691 9.894972 10.61225 11.30921 11.15065 10.99209 10.83097 10.51405 10.19713 9.885622 10.15731 10.42901 10.70037 10.82266 10.94496 11.06725 11.62911 12.1931 12.75708 13.96389 15.17838 16.39286 16.90691 17.40753 17.90815 18.84742 19.79832 20.74921 21.71281 22.67684 23.64087 23.182 22.66414 22.14629 20.90964 19.63768 18.36573 18.02394 17.73506 17.44618 18.09804 18.81082 19.52361 18.81653
11.59142 11.41671 11.242 11.14337 12.02207 12.90077 13.63276 12.26185 10.89095 9.56981 9.053749 8.537687 8.103709 9.190429 10.27715 11.29059 10.71984 10.14909 9.554002 8.329205 7.104407 5.948041 6.988639 8.029237 9.042094 8.887232 8.732369 8.58005 8.582171 8.584292 8.595343 9.567993 10.54064 11.51148 11.65943 11.80739 11.95534 12.57585 13.19865 13.82144 15.0113 16.20792 17.40455 17.69947 17.9771 18.25473 19.19528 20.15339 21.11151 21.46518 21.79835 22.13151 20.88682 19.57671 18.26659 17.29932 16.34888 15.39845 15.43469 15.52704 15.6194 16.64278 17.72646 18.81013 17.98425
9.959394 10.01599 10.07259 10.19235 11.12349 12.05464 12.83518 11.45694 10.07871 8.754652 8.307072 7.859491 7.486582 8.497044 9.507504 10.45259 9.984306 9.516023 9.025352 7.955392 6.885432 5.879685 6.935503 7.991322 9.025147 9.133169 9.24119 9.352543 9.666114 9.979685 10.29994 11.3406 12.38126 13.41985 13.51956 13.61926 13.71897 14.41147 15.10683 15.80219 16.86357 17.92931 18.99506 19.21745 19.42367 19.62989 20.49509 21.37774 22.2604 21.73778 21.16748 20.59719 18.42082 16.17785 13.93488 13.70451 13.573 13.44149 13.86028 14.31037 14.76046 15.81448 16.90762 18.00076 17.10532
8.992925 9.372799 9.752673 10.17456 11.1362 12.09784 12.91779 11.70695 10.49612 9.336482 9.005202 8.673923 8.398117 9.150014 9.901911 10.60987 10.36784 10.12582 9.87157 9.300964 8.730359 8.202304 9.04032 9.878338 10.71006 11.277 11.84394 12.41173 13.031 13.65028 14.26966 14.89961 15.52956 16.15811 16.15367 16.14924 16.1448 16.91937 17.6977 18.47603 19.32458 20.17396 21.02335 21.28409 21.53355 21.78301 22.51489 23.25956 24.00422 22.40384 20.72391 19.04398 15.82561 12.54345 9.261293 10.12144 11.18505 12.24865 13.05342 13.84346 14.6335 15.46037 16.28961 17.11886 16.19111
8.026456 8.729607 9.432757 10.15678 11.1489 12.14103 13.0004 11.95696 10.91352 9.918311 9.703333 9.488356 9.309652 9.802984 10.29632 10.76714 10.75138 10.73562 10.71779 10.64654 10.57529 10.52492 11.14514 11.76535 12.39498 13.42083 14.44669 15.47091 16.3959 17.32088 18.23938 18.45861 18.67785 18.89637 18.78779 18.67921 18.57063 19.42727 20.28857 21.14987 21.78558 22.41861 23.05163 23.35073 23.64343 23.93613 24.5347 25.14137 25.74803 23.06991 20.28034 17.49077 13.23041 8.909059 4.587708 6.538376 8.797099 11.05582 12.24656 13.37656 14.50655 15.10625 15.6716 16.23696 15.27691
8.978056 9.649813 10.32157 11.00349 11.81598 12.62847 13.33697 12.55488 11.77279 11.03089 10.9392 10.84751 10.77853 11.13027 11.482 11.8192 11.84235 11.8655 11.88753 11.88043 11.87334 11.87927 12.30342 12.72757 13.17034 14.39672 15.62311 16.84052 17.51286 18.18519 18.84909 18.60496 18.36083 18.11745 18.21258 18.3077 18.40283 19.44412 20.48997 21.53581 22.09171 22.64174 23.19178 23.64714 24.10068 24.55422 24.6397 24.71542 24.79114 21.37787 17.84624 14.3146 10.90102 7.492335 4.08365 6.035895 8.251448 10.467 11.90479 13.29834 14.69189 14.99523 15.22796 15.4607 14.62535
11.42229 11.78665 12.15101 12.52295 12.99229 13.46163 13.87117 13.42354 12.9759 12.55649 12.59353 12.63057 12.68114 12.98229 13.28345 13.56758 13.48386 13.40013 13.30904 13.02743 12.74582 12.48012 12.72512 12.97011 13.23787 14.46372 15.68958 16.89532 16.88049 16.86565 16.84406 16.09558 15.34711 14.60146 15.13987 15.67828 16.21669 17.52244 18.83189 20.14134 20.7209 21.29175 21.8626 22.56596 23.27186 23.97776 23.2546 22.49358 21.73256 17.85077 13.86311 9.875441 8.778484 7.801393 6.824301 7.930717 9.139465 10.34822 11.92494 13.52259 15.12025 15.07338 14.92001 14.76665 14.1782
13.86652 13.92349 13.98045 14.04241 14.1686 14.29479 14.40536 14.29219 14.17902 14.08209 14.24786 14.41363 14.58375 14.83432 15.08489 15.31596 15.12536 14.93475 14.73054 14.17442 13.6183 13.08097 13.14681 13.21266 13.30541 14.53072 15.75604 16.95013 16.24812 15.54611 14.83903 13.58621 12.33339 11.08548 12.06717 13.04886 14.03055 15.60076 17.17381 18.74686 19.3501 19.94176 20.53341 21.48478 22.44304 23.4013 21.8695 20.27174 18.67398 14.32367 9.879976 5.436283 6.65595 8.110451 9.564952 9.825538 10.02748 10.22943 11.94509 13.74685 15.5486 15.15153 14.61207 14.0726 13.73104
14.80284 14.42985 14.05685 13.72185 13.87499 14.02813 14.1891 14.46217 14.73524 14.98464 14.85116 14.71769 14.58301 14.42618 14.26934 14.10821 13.8543 13.60039 13.33417 12.74933 12.16448 11.60787 11.95782 12.30776 12.6772 13.8675 15.0578 16.21084 15.102 13.99317 12.88279 11.60661 10.33043 9.059806 10.31353 11.56725 12.82098 14.54343 16.26814 17.99286 18.69127 19.37742 20.06358 20.84994 21.63822 22.4265 20.07907 17.64856 15.21805 12.20774 9.177755 6.147771 7.705664 9.453795 11.20193 11.09281 10.89248 10.69215 12.2551 13.91834 15.58159 15.04354 14.36294 13.68235 13.4718
