includes/dem_pilot2.asc
ncols         231
nrows         184
xllcorner     171882.33999373
yllcorner     1690294.8791152
cellsize      89.856478266053
NODATA_value  -9999
[rows 29 to 57 of 184, columns 130 to 194 of 231]
21.43309 17.34903 22.18722 36.26834 35.30196 30.35974 28.30526 21.58964 14.85145 12.71167 15.62786 14.38891 16.37669 16.26405 20.41847 23.45787 16.37773 10.64269 6.957556 11.16652 16.30727 9.312652 17.46299 22.17723 20.34764 0 0 0 0 0 0 0 0 0 0 0 0 0 0 0 0 0 0 0 0 0 13.04473 8.411705 11.00409 11.05435 14.91322 18.19663 15.24707 16.12048 15.37588 12.13363 12.72145 17.58014 22.95883 24.56267 22.39266 22.94422 21.59833 19.16262 21.75011
14.22123 15.98069 22.9265 32.46089 33.15934 28.74974 26.11996 22.69315 12.78417 9.340829 17.884 19.9063 17.11105 12.85482 18.31418 27.10394 25.95412 17.95455 14.27071 12.95884 15.377 7.752555 21.64676 26.87337 27.88247 22.91763 20.08333 0 0 0 0 0 0 0 0 0 0 0 0 0 0 0 0 0 20.47183 17.13627 17.25297 11.34071 8.593932 7.991012 13.44996 15.09939 14.71638 17.77844 21.06472 13.85851 14.1295 19.39237 21.30423 18.87285 19.01115 21.73313 18.72095 16.38084 16.00706
16.16311 18.54731 20.06626 29.53406 34.67788 31.25616 27.58288 22.14464 8.826538 21.27542 26.84992 25.67416 19.80776 17.36449 16.76533 25.33141 28.55362 22.93426 17.87562 16.30727 16.45952 8.808449 22.33545 26.27279 26.06608 19.13421 19.88767 23.46066 15.18009 0 0 0 10.77417 5.438008 5.390623 0 0 0 0 0 0 0 0 23.84619 24.5176 19.85359 20.66777 19.00885 11.63268 11.65789 13.51578 16.78717 16.17999 16.20947 24.29968 17.71642 16.42403 16.04864 15.24027 15.95177 15.90629 17.80592 17.64498 14.95191 14.79329
18.0784 16.99479 15.37326 26.67784 34.76064 34.66243 32.42411 22.37844 17.85543 25.6607 24.40588 25.33446 23.79066 23.57575 22.3743 27.15042 28.77326 21.07596 17.6598 15.83147 16.22629 12.20415 22.95839 29.52963 25.83028 17.26756 14.66391 22.15792 19.5325 17.77844 17.77844 14.92716 10.70103 8.069363 10.90446 4.829041 0 0 0 0 0 0 24.74902 18.24903 16.23224 17.9493 19.44508 20.93952 15.73297 15.95177 14.44899 15.5551 11.68611 9.042646 20.47079 13.51926 8.380926 8.557384 13.51969 13.4587 11.41408 14.00708 18.30123 17.65128 13.51622
21.42845 19.72932 17.05683 22.85185 28.21674 30.51926 32.72301 24.81591 15.27233 18.26987 11.63217 19.18219 24.59863 25.56623 21.21145 25.78805 30.71882 25.80288 21.29832 17.2416 17.37608 21.45892 25.84933 29.80183 23.86125 18.62379 14.97352 18.82152 18.54938 16.47087 18.24812 16.07381 13.67896 11.74487 14.33949 14.12744 13.11424 0 0 0 14.53676 23.06223 25.41816 17.61244 15.41915 20.4656 22.27481 23.78752 17.98508 15.05809 13.73968 16.22629 7.660316 7.36374 18.47905 13.07818 7.249253 6.890288 12.35782 10.14306 10.97337 13.00982 14.52278 15.49823 12.52976
29.53893 23.08573 16.17261 16.52028 20.82115 24.54906 29.59552 25.89987 11.90117 14.95384 7.973233 11.40777 16.83176 21.21714 16.83411 19.66035 26.30984 27.24807 28.16404 26.17873 22.81974 24.07774 22.83759 22.12622 22.62913 23.04552 17.13595 19.25907 21.75585 19.31141 16.17261 14.67853 14.46346 11.47701 8.881264 8.148432 11.98321 13.58037 13.86738 14.52957 15.91131 17.75811 21.52842 20.46845 12.18069 19.39125 24.47662 28.42509 26.78706 19.74351 16.97361 21.85396 14.89616 9.969652 15.8004 14.9874 12.42404 5.070965 13.25779 9.846233 11.47701 9.542609 5.498642 5.719341 9.832004
19.35797 10.46612 13.47616 17.96319 22.67627 22.90765 27.51659 25.03652 10.39002 16.73199 12.88424 9.949502 11.00902 15.44705 15.85129 18.21149 20.97375 25.96054 29.41088 27.48419 19.22379 18.28043 19.86009 20.04168 25.82732 32.22254 22.25446 21.16361 16.82373 19.64498 18.13398 15.7297 14.35045 10.8501 10.35848 3.418694 9.876473 10.66765 11.01777 11.25025 12.15522 12.60674 17.33742 22.55759 13.51622 8.889544 15.06728 22.61534 25.68517 23.6072 20.47105 23.11489 19.90954 15.14703 14.98894 17.63235 20.07693 8.171844 14.83548 9.256021 7.635252 3.624449 2.703626 6.703771 8.446736
18.41584 21.41942 20.78225 21.73289 25.22482 22.62393 29.15464 22.02677 8.025678 17.44795 12.77258 10.68351 10.57885 15.3013 19.07723 21.87104 22.04765 22.32809 25.05807 24.53083 15.68344 14.7886 18.59313 23.45358 32.32451 38.23424 25.83084 28.20522 13.53706 13.92295 18.10775 17.70166 13.32028 8.589641 12.95702 3.90056 12.32069 12.43982 10.60798 10.2063 9.807204 9.610763 13.40265 18.49451 15.89696 13.92673 7.510264 13.56177 16.44575 19.0601 20.20972 22.23455 24.16164 21.01692 15.27986 12.87827 17.33484 18.93352 18.83082 9.769877 4.780733 1.610896 4.717312 9.575159 5.206294
20.31091 19.36525 15.97998 21.60701 31.00812 31.71999 32.07378 13.19898 16.18139 19.18219 10.90778 12.76608 10.98874 13.14211 17.02849 17.89609 13.39431 11.62495 18.53546 18.32471 15.36952 20.7039 22.18559 26.46448 33.66537 37.17722 27.45071 36.45031 30.17495 22.41466 20.51879 19.97414 14.97815 12.85482 15.12533 5.322853 13.59377 15.58492 11.21652 10.73485 11.11736 9.261965 10.34911 13.85894 12.59119 17.76437 12.00113 5.719341 12.32648 15.58896 16.57053 16.50589 21.55289 22.21902 18.09797 13.83696 6.684264 22.95883 23.09385 17.37061 10.26262 6.519354 9.075095 13.58902 8.344128
21.71063 20.59604 17.26756 23.33673 34.31542 37.49814 26.21906 14.07446 20.49676 16.60495 0.5738221 8.770751 7.769275 7.517677 11.14548 16.68876 15.00742 13.79075 17.05189 7.688512 25.25417 29.68108 22.86409 25.49897 34.43758 37.31869 29.67303 35.68659 37.15778 31.08494 24.92523 21.11661 21.09094 23.98988 22.70664 15.77035 13.27866 15.99744 14.52757 11.45608 11.78607 9.651912 12.65932 16.77508 12.33034 12.30135 13.49664 7.932104 8.755342 12.68786 15.07493 12.3231 15.0646 22.10054 23.52674 15.17439 18.78662 24.22815 19.35181 19.8544 18.65086 17.18561 13.69909 18.37334 10.2573
19.7803 19.63041 21.37638 26.11487 35.74506 37.39909 23.38956 18.63704 17.29477 4.162702 13.57345 18.515 19.00254 19.63591 20.31433 17.67523 13.24712 17.09628 13.71791 16.7158 32.87172 31.22206 31.04186 32.67204 37.69843 35.39226 25.43806 27.22805 31.11611 27.80525 24.66655 19.61061 18.04317 23.67183 27.16134 27.24434 22.3596 13.22441 17.20517 13.4329 11.46288 10.97502 12.84699 13.19138 10.16339 8.658029 5.745501 11.52864 14.29151 5.610105 15.10741 16.94908 16.78583 22.52488 23.48464 16.70229 21.39058 21.66095 16.72356 22.3743 25.6579 26.03305 15.70204 21.06772 15.93316
9.697272 12.84653 19.3072 26.01879 34.48323 32.99348 21.35531 15.01511 10.78761 10.2768 14.87713 12.12576 14.9167 21.33372 25.62309 25.86133 25.30449 23.49042 4.493751 32.57234 37.72446 31.47927 36.04649 38.51705 36.08992 32.19944 23.98988 21.02895 24.07114 19.53887 19.3218 15.35793 12.78972 16.39087 20.69238 25.46873 26.36095 21.06422 17.55158 17.25686 12.41303 13.19495 8.955502 6.650685 13.59765 11.71221 10.94036 5.538311 15.58381 12.31296 7.835779 14.85885 16.90886 20.42812 20.26594 15.71223 21.99692 23.13437 18.95829 20.70594 23.7421 26.54028 19.3072 24.68522 18.41853
20.20417 20.6629 25.07843 28.23975 29.74317 23.97183 15.60255 11.37403 6.890288 13.86569 16.33369 14.27071 17.27955 19.04552 17.02948 17.37061 21.64532 16.00278 23.78059 39.77368 37.13043 28.88253 29.9645 32.7409 32.10175 29.98391 19.98462 16.59678 20.56638 16.53739 17.97892 18.23209 17.82649 21.71374 24.97346 24.85761 24.10987 22.74705 16.31318 16.54594 10.796 13.27378 9.702299 4.944541 17.13595 15.27986 12.01703 12.7098 16.27521 14.1921 5.93478 13.45695 15.62566 18.2457 16.12824 12.35493 22.22621 23.39968 19.8544 18.51381 20.55889 23.18809 22.7954 24.74784 11.72294
15.85417 18.28134 28.87147 31.90845 27.76388 18.96232 9.501594 8.485238 11.90971 17.76187 18.56802 19.79063 18.91419 12.6105 16.3798 19.65705 11.20793 12.70047 29.7315 40.87157 36.93916 24.48165 21.0857 21.31554 20.64878 19.27203 12.9839 14.76823 18.66731 16.3611 17.29186 18.07626 18.45672 23.6458 26.62877 27.19132 26.59403 23.42118 14.49756 15.21192 12.72658 16.83109 13.98663 12.57846 14.9043 20.60197 11.82255 16.91186 17.1892 9.728013 7.467286 11.76575 15.18464 19.64415 15.30844 11.90519 18.35955 18.79856 17.51341 18.50669 23.85957 22.20325 21.92478 21.19932 17.99031
12.66307 16.31666 26.53833 25.46192 18.05053 13.49533 11.05435 15.37924 23.17261 25.92637 21.1718 18.18084 10.01346 6.422181 15.70204 23.61867 14.56469 22.01761 29.03422 36.35515 37.06161 26.57583 18.4722 13.69909 11.89364 13.1793 11.33382 12.82993 17.65602 16.18139 16.59678 14.77763 9.711715 17.33387 20.33296 22.26348 24.78221 23.69656 13.54097 16.00278 13.71791 15.64251 8.532207 13.0565 10.59942 23.18046 14.68327 13.57864 12.48179 5.502054 8.889544 10.56111 11.55825 12.70374 13.63214 17.264 12.94424 17.52837 17.28992 11.76575 22.70147 25.027 22.86787 17.23023 20.32037
20.40621 21.70056 24.55066 29.15539 28.12982 20.03847 13.86274 20.04168 24.22366 16.94111 6.068907 7.812887 9.52661 11.57691 15.73079 23.8441 7.714196 20.82699 28.1015 29.83841 33.00006 28.75346 20.99811 13.61706 11.12602 12.3857 11.17514 8.520671 17.0838 20.05023 22.09236 20.76136 12.86586 19.1989 16.07381 17.00735 23.12715 22.44371 16.46261 15.08564 10.88952 10.03529 1.912462 13.59765 9.056858 24.63054 17.89981 8.219958 5.808223 10.29095 17.97029 19.54495 12.3881 4.653011 19.72522 20.90319 12.73961 12.12133 20.19385 14.50637 15.38223 22.78802 20.01518 13.44821 19.27344
20.7634 21.95901 18.67172 21.37492 27.47064 25.03439 25.46211 24.1807 11.818 11.03962 12.30329 13.60628 13.9074 9.40341 16.01418 24.97405 11.76931 21.95689 32.04082 26.90198 27.51876 28.00863 23.57766 15.06728 9.439711 10.5238 11.92976 9.245444 13.12683 17.52328 23.17435 24.5184 17.2455 21.05798 14.58818 17.04761 23.68959 21.08595 17.02155 13.4364 9.832004 8.137836 7.854672 12.9839 9.881402 23.37987 19.7803 8.823063 7.635252 16.17437 18.74696 9.385203 11.98171 19.22605 16.27765 13.7384 19.54799 12.74007 19.87713 20.30382 7.727005 9.50994 8.839733 7.032103 12.79528
19.10119 19.44369 18.852 17.08577 24.04637 31.01677 29.81999 14.87246 14.79525 16.52952 12.98982 11.92475 11.32533 10.35731 17.13366 25.64275 17.19442 15.33546 28.84424 31.05466 30.03113 31.15029 28.96757 20.7458 15.3699 14.43248 13.28487 7.407347 6.883975 11.56032 19.58195 24.0197 19.51921 20.01384 13.99707 17.19377 22.87833 19.82703 20.20972 20.35811 13.00845 6.81048 12.21537 13.53836 17.35805 19.90603 16.35451 8.640985 8.654481 16.55551 12.47274 19.22039 24.60582 18.92602 10.4875 12.38858 19.46927 20.53096 19.27344 21.0287 4.071044 12.33854 10.86789 2.777344 12.57138
20.277 21.77948 26.76769 22.15303 22.71114 30.13783 25.57299 19.34284 17.60231 15.09213 15.67833 16.92217 16.26684 16.9577 20.41847 28.0578 25.23672 22.00327 14.17237 20.52915 31.82716 35.30539 32.13332 24.36462 18.59549 16.65659 15.65093 10.41798 9.964161 10.84231 16.70364 23.01844 23.851 21.65903 18.4257 21.19362 25.4659 22.73539 24.96274 26.42742 22.84294 10.21106 11.4545 17.36707 23.11138 20.33611 15.04275 7.288474 8.921901 12.25335 15.53482 24.0969 24.05298 21.13578 19.08066 18.34664 15.08678 17.73336 15.89732 21.20427 11.23366 19.46344 8.111279 15.21192 13.82002
20.10252 20.81099 28.16339 27.11352 22.87566 20.07693 22.56099 22.7605 19.01516 18.83285 23.05542 25.28385 26.62718 27.03947 26.90613 29.17231 23.73536 19.91412 17.93973 9.039259 17.17027 34.06989 33.54909 27.30936 21.75656 18.94447 18.77264 15.37625 11.43248 8.522835 11.23366 20.39446 24.05381 21.48496 19.67543 21.74653 25.6622 22.01009 22.15955 24.80331 29.96738 20.41847 9.937269 14.95191 22.4245 21.40085 15.25424 7.882922 11.22938 7.725405 17.94745 20.72921 20.55372 19.79254 19.38483 17.42361 13.66652 16.88088 17.93231 22.64538 16.22173 25.90282 16.99645 16.1226 9.191033
27.19949 29.17049 29.54882 26.73622 19.01115 10.29508 20.68239 25.13548 24.55367 25.35047 27.4631 28.43898 30.76385 30.60627 28.92825 30.3923 22.52556 19.19663 22.21369 24.55486 9.304115 26.85461 35.63891 29.12863 22.17653 20.99284 21.74509 19.77839 12.36455 9.230218 9.936045 15.83147 20.56715 18.78662 12.55768 14.01709 18.91419 10.88065 14.1295 17.13071 27.41297 25.66295 8.936317 16.28079 22.48458 18.64822 16.44575 12.12576 12.47179 2.47433 19.3462 20.30382 16.706 18.61319 19.07267 16.99678 14.03999 15.76782 20.78658 20.30803 12.68926 21.88906 19.01115 14.38891 7.838931
33.0784 29.85493 26.8999 21.01667 10.53357 9.192365 15.35231 21.00614 23.50111 24.05546 26.53 26.28485 25.35942 26.48883 24.57467 26.70626 24.97834 25.41417 20.57464 22.89522 19.17595 12.43409 36.12888 32.20195 20.97073 21.54393 23.41924 20.44192 12.50271 11.09731 16.41644 20.14401 18.38952 23.00676 18.29882 17.35547 20.37774 9.134266 13.16005 10.86789 25.62759 27.04617 13.91287 20.06225 27.79459 17.56015 19.58885 23.04838 16.31805 8.300484 20.64853 23.89194 16.58554 14.5623 15.68928 15.35531 15.00588 14.93838 17.75561 11.4246 5.427643 12.54112 13.3622 12.17433 8.160525
30.28765 24.57067 18.25386 13.42151 11.4246 15.42064 15.68928 13.92673 17.64277 17.13988 20.66701 17.21689 14.43973 21.75752 23.37298 20.19253 17.25069 20.03419 17.83303 22.24937 24.81985 2.81123 32.09352 34.30426 24.69415 26.16569 27.38271 21.95618 13.52143 13.9431 21.79021 22.56598 15.28927 20.28252 25.09218 27.39835 30.15334 24.8039 22.7392 19.68584 29.86391 27.79131 21.0857 19.55131 29.84218 20.33479 20.55475 28.18087 22.56915 17.46746 19.81672 21.75011 17.08314 12.0745 11.09351 14.26092 15.09213 13.8872 10.76183 4.63002 10.30567 6.526987 4.616441 7.78913 14.77763
27.41213 23.3255 20.8346 19.46594 18.95225 19.61776 18.33012 15.58381 18.18965 16.21648 16.7212 11.00628 16.18842 16.82306 22.72641 23.41602 19.08408 15.31145 15.62896 22.22853 27.28501 10.84454 25.97338 33.20515 29.35469 31.05466 31.26401 27.24807 20.13657 18.41733 20.19782 19.07723 15.61283 8.941117 16.23189 24.5184 30.44479 30.19412 26.76087 24.45267 30.393 27.15912 24.1329 21.47426 31.14694 21.91201 15.82244 24.84425 19.44591 20.06733 21.63136 17.85792 16.63555 15.18274 11.03962 12.13608 13.67853 12.99118 9.001909 10.88952 8.374315 7.099722 7.186552 5.789911 15.65641
26.20261 24.8411 23.79759 24.34212 22.32164 17.93726 12.33469 8.854292 12.77629 12.43839 11.70454 13.81155 18.64145 18.42928 21.41747 22.32463 17.76687 13.55917 17.69286 23.03254 29.59964 17.18333 18.89773 29.90612 31.98986 35.63524 34.6822 33.34219 29.7001 22.70552 18.28767 16.88521 19.67269 17.35419 8.593932 14.1295 23.4598 27.32609 25.0132 26.97371 28.59353 25.94457 27.19047 26.83949 32.16358 21.03621 17.1595 21.96679 21.02895 24.53765 25.72059 21.80331 15.9149 17.12317 9.590435 5.87132 6.435741 4.471332 8.770751 10.14426 10.49789 11.28653 5.507735 9.557941 12.46464
25.79102 24.74249 23.88693 26.86851 26.84992 21.81093 12.6279 7.517677 8.864676 8.847363 9.828908 13.59593 20.23614 18.99479 18.28646 18.06003 12.83962 13.08225 19.95775 22.45171 30.37616 24.39133 10.3145 14.30291 23.58532 37.39334 41.28632 40.59084 38.84214 33.18871 27.14359 20.57051 20.18141 23.44436 21.0099 9.222262 10.70159 15.71078 18.44449 27.94876 32.50635 30.9643 28.29874 24.50496 29.58154 22.01267 24.45006 25.27007 27.2652 28.70337 28.17173 26.04638 21.89 18.68023 5.959969 6.133314 9.37022 13.76525 15.45931 9.24346 4.472736 8.160525 15.94891 16.27765 13.31675
20.59527 21.93258 22.53306 24.88194 25.99372 24.59943 21.90492 14.74154 14.6884 18.58043 17.02552 10.2886 12.28973 12.47179 13.99498 17.13889 15.82244 16.72693 21.96089 23.50688 29.75075 29.36574 22.53102 13.82172 0.5626796 22.90765 39.86806 44.08708 43.18025 41.80791 36.88197 26.58555 19.98596 19.38203 20.69545 20.2002 12.34529 4.582315 13.0479 21.62124 28.61743 30.04244 28.30908 24.27526 28.6589 23.47843 27.42371 28.67711 28.43409 28.33451 26.64162 24.72171 24.92523 21.43723 15.69803 11.47073 8.936317 14.69786 16.20491 16.38361 16.84615 18.26957 17.38283 9.807204 4.776794
14.32569 16.13635 15.69803 17.5738 19.86712 19.7566 21.0857 16.31701 16.15326 19.39461 18.05911 16.58043 11.78607 12.47274 15.37588 16.5538 16.20491 20.19412 24.47039 22.11666 22.59725 21.34207 13.58599 8.854292 8.795204 3.058498 20.76722 35.9519 37.4591 39.95575 38.79043 30.50896 25.11249 20.49364 15.79642 16.27765 19.02806 12.40393 5.293368 12.97161 20.46274 27.12019 29.64943 27.02349 27.8779 23.7421 25.92692 28.67711 25.88716 24.65363 23.36177 22.03639 19.87145 15.70677 19.74924 15.47415 13.42195 19.45176 17.35032 15.17971 19.92571 17.59693 7.467286 3.183794 7.061165
12.72285 15.95177 13.36044 12.2261 16.74817 18.35955 22.12622 20.95865 19.9408 16.35174 15.80221 20.31197 20.38741 22.53579 23.11817 21.70128 18.96519 17.95085 25.54515 25.17982 19.44062 15.15312 13.28043 10.24369 10.72021 14.10015 12.3809 23.78982 27.05441 36.54684 37.19275 28.55644 26.35235 22.91386 15.89732 10.32859 13.89309 19.8121 12.51078 2.615784 11.55202 22.34903 27.84374 26.27189 25.93722 21.72236 19.32601 22.77729 21.34698 16.92217 12.63494 11.00847 9.697901 13.35647 19.49898 17.07953 20.59063 23.53506 18.35955 14.00833 14.77097 13.48662 10.00557 6.632893 5.610105
