includes/dem_pilot2.asc
ncols         231
nrows         184
xllcorner     171882.33999373
yllcorner     1690294.8791152
cellsize      89.856478266053
NODATA_value  -9999
[rows 116 to 144 of 184, columns 0 to 64 of 231]
0 0 0 0 0 0 0 0 0 0 0 0 0 0 0 0 0 0 0 0 0 0 0 22.13252 28.46988 19.35209 22.76945 32.61259 41.09278 34.04307 25.41208 27.80525 32.70864 30.54915 31.91242 39.40099 40.44081 32.35641 24.43817 17.17126 24.33198 20.91355 19.30832 23.16715 26.04912 19.77513 14.60606 13.83696 16.90087 9.619007 21.77781 25.95467 17.63266 8.887475 17.82276 24.6112 26.29834 25.027 27.94421 28.79798 20.21686 6.840521 1.061574 3.19763 7.015314
0 0 0 0 0 0 0 0 0 0 0 0 0 0 0 0 0 0 0 0 0 0 30.07978 32.92724 31.5169 26.79613 29.38646 40.42097 42.7934 31.625 26.24667 25.51123 23.72841 19.3027 23.40914 34.21769 40.5647 33.26887 27.71251 26.47088 14.0782 18.60699 17.71579 20.26251 23.12387 18.96232 13.18288 16.08585 16.68639 13.14211 24.76147 24.36705 19.53887 13.15601 16.35174 24.83638 28.88668 28.45791 23.95688 19.02118 10.82058 6.927145 9.565598 15.53334 25.81104
0 0 0 0 0 0 0 0 0 0 0 0 0 0 0 0 0 0 0 0 0 35.62322 37.6483 35.96687 33.66158 32.91184 37.23337 43.99448 42.54062 34.46748 28.30908 19.46733 13.63429 15.02164 22.31427 25.47176 33.20846 36.45767 29.77857 30.51035 21.29045 16.69688 22.10942 19.30832 20.4023 22.27896 12.86494 18.87343 20.48638 20.27621 29.9194 24.32589 22.63455 20.80413 21.18718 26.62947 25.30927 20.43932 11.92725 9.932983 4.335789 16.12824 21.04397 22.43457 23.43041
0 0 0 0 0 0 0 0 0 0 0 0 0 0 0 0 0 0 0 29.25482 36.89638 39.15376 38.25198 36.00265 33.26746 35.96049 39.6604 40.39568 36.14339 30.43431 31.33263 27.63366 20.83917 17.46299 23.29456 26.16714 26.60497 35.41561 33.65847 25.90282 24.6745 20.1448 16.56917 21.49857 19.59574 21.66576 19.05552 18.09308 23.35163 20.7039 28.61165 21.61401 23.30647 22.65802 18.4722 17.07164 8.507673 2.489601 1.610896 5.698543 9.610763 21.25273 18.64822 13.37101 9.444884
0 0 0 0 0 0 0 0 0 0 0 0 0 0 0 0 0 13.13986 35.50076 39.99616 40.18076 38.72253 38.74868 38.02348 34.32723 36.65723 36.50714 31.03795 27.56342 22.31611 30.14552 31.16301 26.97095 23.11051 29.15645 34.58525 31.4937 30.68952 33.06804 20.56638 17.27405 27.90139 24.46334 17.83148 15.93495 17.07854 20.20972 10.77361 20.72461 16.42196 26.3545 22.52488 22.04085 14.86507 2.184064 13.95148 20.92818 18.31328 13.92673 12.02696 13.42239 20.34109 11.56395 9.87709 3.932696
0 0 0 0 0 0 0 0 0 0 0 0 0 0 0 0 0 19.16687 41.90482 32.65567 34.14285 37.30621 34.48367 33.30099 31.02284 32.80159 32.28005 23.7501 19.72932 21.95901 23.02946 33.65709 34.20747 28.48704 26.1838 32.61455 24.71795 23.97743 30.05518 18.73381 10.81612 24.31676 30.25658 21.80331 9.664535 11.54735 16.76735 10.217 15.6491 20.02589 25.94457 22.46541 10.42146 8.432158 21.01416 26.57583 25.9688 19.09435 13.90614 15.81919 7.028572 19.36777 14.10305 10.796 10.66312
0 0 0 0 0 0 0 0 0 0 0 0 0 0 0 0 0 22.01056 42.40452 35.45108 29.20247 29.14995 27.72619 28.39205 30.10377 29.1312 28.42146 20.56509 11.31524 21.46355 20.70083 27.00972 34.38321 31.07889 22.87988 32.50857 27.32068 24.70149 28.97674 22.54964 17.43931 20.28963 25.94291 23.87002 16.49388 14.54155 16.41679 14.81401 13.39079 18.94649 19.99669 11.90469 9.976358 22.4245 26.39958 23.67522 23.11993 22.95839 17.40051 19.13507 14.14601 17.50799 20.31091 9.79167 13.04473
0 0 0 0 0 0 0 0 0 0 0 0 0 0 0 0 0 24.75535 38.65619 39.66443 35.42871 26.69908 25.61353 28.86701 30.07978 28.17703 25.6066 15.96641 14.27724 15.15426 31.49278 16.51583 20.69238 29.72099 25.79603 34.28202 36.48581 34.77106 32.30604 23.72588 18.60169 18.86562 20.1262 22.7587 23.04838 18.51025 13.60973 12.65932 11.78404 3.90056 7.224412 13.60585 19.95345 25.40012 25.93409 22.62913 24.99276 26.44453 22.67987 20.92414 19.24299 15.47081 23.90195 8.464921 13.73371
0 0 0 0 0 0 0 0 0 0 0 0 0 0 0 0 25.2978 27.51409 37.75785 42.56603 37.6658 26.43901 19.25004 26.1838 29.41936 28.19625 21.93352 13.61491 17.77657 10.63871 30.67588 23.83113 14.45542 24.34091 24.05546 28.93698 36.98736 33.26828 29.66834 23.37018 23.01558 25.78731 26.74112 29.7659 25.2626 15.68928 4.920388 9.679029 14.75999 20.55372 22.91896 19.91925 16.54594 23.07014 26.00745 24.17578 27.81312 27.13591 24.48085 26.61114 21.83662 15.31933 22.68482 12.34915 18.40747
0 0 0 0 0 0 0 0 0 0 0 0 0 0 0 27.17497 36.046 34.43407 38.7117 36.72371 29.85131 24.14933 17.57697 14.98085 18.32591 21.34722 20.84272 20.28963 20.04168 16.18701 21.61401 26.14248 21.84898 17.51341 26.23531 21.67921 32.2307 31.79679 15.37924 20.72435 24.51278 23.02175 25.21195 25.65453 16.07098 3.715403 10.07336 17.13889 22.68865 26.71801 24.04141 21.71087 12.50271 20.09906 23.89923 13.95693 17.12514 25.06195 27.27807 33.33738 30.87058 19.21672 16.46227 13.2489 14.62789
0 0 0 0 0 0 0 0 0 0 0 0 0 0 20.96394 30.27932 37.7935 33.94302 26.24667 24.54966 34.18755 34.82982 30.21114 23.57596 13.32824 13.61706 20.94053 26.66466 29.39168 29.6239 22.11922 16.46365 27.68759 22.20046 22.29397 25.2204 23.00124 28.66155 25.6435 19.41917 18.50431 15.78919 12.80684 8.303451 11.26307 14.4345 19.39656 17.30286 15.63006 16.64302 15.02471 21.251 21.13578 16.63046 19.97414 16.04296 7.829471 19.04265 27.0216 32.83355 33.39661 21.76516 10.75958 11.94477 12.26015
0 0 0 0 0 0 0 0 0 0 0 0 0 16.65082 15.59815 30.52287 38.23606 35.82286 31.44339 31.6614 37.13572 39.4022 35.50271 31.5351 24.57467 16.32987 9.822092 19.50924 29.34035 31.05358 26.5753 16.18701 20.03927 31.87606 17.80186 20.2129 20.21527 19.88173 30.88134 25.16018 8.795204 3.469926 7.932104 14.17607 12.77072 14.69904 21.86986 19.49482 16.25147 12.36696 11.57846 19.67461 25.27772 20.98279 18.46744 17.03112 12.1978 13.12548 15.79642 27.08887 29.10454 20.76136 13.04835 15.37924 20.52915
0 0 0 0 0 0 0 0 0 0 0 22.48936 27.40356 24.01908 17.96967 22.97298 30.77112 29.18362 22.98292 18.64968 29.29981 37.8971 39.31229 38.85812 30.56011 20.6012 16.04722 13.30878 14.12124 21.27246 28.1081 27.35645 17.97923 26.8973 27.9185 15.05004 16.13882 17.15557 30.96511 23.94129 3.277484 14.18183 20.87716 21.04097 19.23932 12.55248 22.89988 18.14129 20.37774 13.41186 16.27765 21.63714 24.40426 26.55107 26.11632 19.87956 9.277796 12.39242 6.360792 21.97433 28.9356 21.21912 9.60378 17.22437 22.18559
0 0 0 0 0 0 0 0 0 0 28.34165 24.59464 19.80776 15.45188 14.9577 21.64171 27.3854 25.67733 16.67015 6.168796 16.33369 27.85633 34.68242 41.7961 35.76073 24.48567 22.35202 23.90111 18.25054 9.40341 16.22629 26.03688 26.50925 25.13818 30.97486 26.58573 19.65266 20.12195 24.43091 14.17936 17.38026 25.51652 27.69667 26.80189 29.67654 15.53593 25.86133 19.23424 22.02019 18.69079 14.98085 16.5678 16.96599 24.58665 27.17191 22.73718 18.36465 16.73435 12.52881 16.31283 30.24428 26.01568 10.41798 19.24976 21.66744
0 0 0 0 0 0 0 0 25.38473 30.66002 23.79087 20.974 9.52661 8.996463 15.35905 28.0494 34.92204 32.86942 23.6693 16.05183 16.52028 26.16641 27.20493 33.33081 33.97012 28.97001 23.46837 25.25857 27.49806 24.97503 14.95616 4.32127 19.1524 29.11606 34.16359 24.42142 9.24346 11.16005 9.809067 12.88929 26.49771 28.62211 28.48704 25.74274 32.67656 23.56489 23.76377 22.76945 20.16391 23.89527 13.92127 14.46346 14.67892 15.99174 19.23819 21.48763 23.8911 22.66545 15.67468 12.74007 26.80537 29.32601 19.41833 16.90087 22.34098
0 0 0 0 0 0 0 21.31554 26.06827 27.36857 22.16164 25.2442 17.47257 10.14306 23.45616 32.56742 35.96637 30.46616 21.2584 18.41823 22.09143 33.15163 28.54594 21.45892 25.96164 26.75144 17.11531 12.6888 18.59549 22.6499 19.73123 18.84591 22.07529 24.84523 18.88732 5.105447 16.20807 18.73381 18.0097 25.6111 27.35442 25.15092 25.08772 19.92895 29.511 26.34088 17.20517 24.38971 15.06996 24.7417 25.42138 21.47231 15.58455 13.16453 12.30861 13.13762 15.28927 16.9577 17.98908 17.89051 22.78534 24.32589 25.97888 18.40418 16.07523
0 0 0 27.51893 29.33931 28.01252 28.49255 27.02297 16.45814 18.86996 22.80009 23.37018 21.22901 23.59637 30.1785 34.05733 34.5722 25.96513 21.71782 23.68135 30.11175 39.33554 31.62813 26.84784 32.31316 34.2756 26.94281 21.4818 18.38053 25.83084 30.74465 29.00406 19.29905 7.187414 11.54579 21.955 23.36004 27.90905 31.24005 31.83345 26.06827 21.38544 21.94415 15.6787 24.73517 26.22574 17.49045 22.62551 19.02118 21.9524 26.88256 25.50218 20.64441 17.71171 13.59074 11.33753 13.50621 17.75154 19.95076 25.37788 23.16278 19.90198 28.09345 26.36739 9.849323
0 27.66114 33.75628 31.50223 29.56268 30.75453 27.05287 21.80522 15.58381 17.36449 29.8976 27.7031 27.46193 35.03192 37.41523 33.23492 32.55587 26.75109 24.91486 28.9535 35.41912 40.19733 32.53531 33.43711 37.29474 38.10048 31.77424 29.36932 31.0038 34.71349 31.85233 14.50837 7.970137 19.55462 23.79654 25.16287 22.475 23.59807 27.87267 30.36648 25.51708 17.37737 18.67231 17.44955 24.86409 28.66606 22.18838 21.94769 27.10993 25.66687 28.51078 27.28213 24.79444 22.06311 16.71309 14.62789 18.00632 19.54218 20.62282 30.03342 26.24397 22.67514 26.15318 30.31641 22.99175
14.50197 33.85736 35.38937 28.35926 19.85522 22.55305 23.56425 21.55022 21.92218 25.0095 32.43552 30.74259 34.18309 41.55177 39.78811 33.71392 33.35848 27.82311 24.31676 27.38742 31.00272 33.52917 30.0569 31.00015 31.6723 33.04692 26.8153 27.15775 28.35673 22.69855 9.874009 16.14058 21.80451 21.43918 22.3511 21.52187 17.50672 18.397 23.49234 26.35235 27.45071 25.94751 21.955 22.2123 23.06729 30.38893 29.50094 25.70531 26.94074 24.77905 26.96423 31.01312 27.42975 22.84806 18.85634 17.39569 17.2442 16.23469 18.66379 31.30811 32.28217 24.91114 19.65458 26.15336 27.07757
14.05703 32.73056 32.82629 23.71555 18.7189 14.51918 22.2644 27.41364 25.50671 25.59252 33.66365 36.751 40.61559 41.88291 38.1058 34.70681 33.39837 27.72619 25.38644 29.48229 31.98337 34.17251 34.43165 28.88253 27.63067 28.11519 20.00232 11.58778 3.42606 17.97799 26.15318 30.44102 28.80956 25.70271 24.60422 19.71621 16.29856 19.99991 23.61994 25.9554 25.35942 28.92672 26.01842 27.49605 23.65427 26.56576 24.44119 20.72819 19.47817 25.97338 21.18246 24.34111 25.62478 21.91722 18.75397 18.95311 18.49599 21.1059 23.25879 30.38963 32.92616 22.8445 16.35486 20.25065 22.10522
0 27.5749 29.27478 24.66158 24.52923 18.85634 21.59157 25.25493 25.65173 24.98029 31.69214 34.42584 35.78224 36.70304 33.72504 29.48747 28.50843 27.62388 28.02757 29.92589 30.74026 31.23472 25.432 13.99665 11.96126 10.94917 14.1295 23.06751 33.66089 35.03488 31.72115 31.49488 30.78577 29.17729 26.57583 22.92251 17.86569 21.70703 23.89611 24.69415 21.80951 23.03914 22.60042 27.35291 22.13742 24.34679 14.49235 16.55551 22.2607 26.08339 19.98462 15.65093 20.88374 19.57368 14.93529 16.77777 19.19663 24.59863 24.13187 26.8534 31.35037 24.69158 21.47985 26.44329 25.30927
0 19.67351 23.80074 24.02322 27.2713 23.96913 26.6092 22.44029 25.53028 30.3923 31.37483 30.62951 30.7818 32.2968 28.81357 26.70942 22.94223 15.04237 14.54155 14.25152 13.37629 12.72145 10.82058 21.74892 24.54406 28.29317 35.23519 38.21805 38.13492 33.45796 32.49648 33.51757 30.81792 29.84145 27.69419 25.5167 22.06709 24.32589 25.25666 22.98999 20.93372 20.43932 22.96546 26.32366 22.58842 30.59741 24.54966 24.02073 25.38796 19.95345 17.40789 13.91623 19.8801 23.04134 18.9767 16.56917 14.38163 16.74547 11.07884 15.70677 27.6204 25.9554 27.95136 31.63086 0
0 0 25.2275 26.93884 29.16732 27.56824 28.90878 26.17891 23.71513 30.95996 33.76633 32.1895 28.44545 25.06137 25.4623 28.96574 24.10575 15.09213 11.37878 9.624078 16.36318 20.81988 26.20749 27.95087 29.55133 30.79125 30.71539 31.85105 34.2268 33.43198 33.10126 32.35143 30.47119 30.99799 29.86521 28.61243 26.907 26.98147 28.13642 25.75092 23.13065 20.28121 25.73604 29.88835 27.76913 33.50191 29.86217 21.89569 21.13801 19.28104 17.31159 17.47832 17.76437 26.22556 26.5509 22.12622 15.10741 13.04926 6.503103 9.381948 19.63069 22.90654 29.93916 0 0
0 0 27.93673 29.59214 30.96281 31.13301 27.18162 25.66295 26.13249 25.34361 25.09915 26.03305 27.36369 27.57988 28.30145 27.86483 22.87988 14.3082 6.017285 14.62114 25.31691 31.08171 31.10308 27.70079 24.11995 20.74504 20.29751 25.03419 32.92051 33.28629 32.56926 29.74667 29.50819 30.51021 29.81999 30.73971 30.96552 29.8859 30.26788 29.37156 29.09787 26.51635 26.652 27.55992 24.6745 27.13574 25.40924 19.67132 21.29119 20.94128 21.84826 22.7587 17.92211 18.4838 16.23469 15.43999 10.01892 6.468551 4.497942 9.658856 14.89732 0 0 0 0
0 0 22.29097 25.54346 27.39684 26.64215 23.69994 25.06835 28.30526 28.24359 24.21998 27.30531 32.1087 30.57842 26.12214 19.29511 13.04111 15.40611 17.50034 24.86252 25.5052 26.65534 27.15042 26.86816 26.25262 21.66023 20.11769 23.87942 31.27318 26.71468 28.31099 29.32601 29.00375 27.69188 26.69644 28.93391 33.33199 35.23519 33.31133 32.3824 29.95543 29.05415 28.11712 26.13304 23.9467 25.88218 24.7899 28.47807 27.30531 24.51479 25.53781 25.42043 15.92314 15.97784 13.59765 14.40345 15.17553 13.57864 0 0 0 0 0 0 0
0 0 0 23.76293 27.95136 26.04638 26.6731 28.99246 32.59689 30.91669 26.06262 28.2372 23.49576 9.361739 9.799129 19.49593 26.34572 31.63944 32.92363 30.938 26.95439 28.1036 29.81882 30.36184 29.92748 29.39406 29.44403 27.79557 27.39348 19.54218 18.72095 27.33942 28.62367 28.24854 30.16529 32.33075 31.89489 31.82227 31.14534 30.89168 25.86798 27.12754 31.58748 31.58174 31.66711 32.33311 29.04076 27.8712 20.11423 14.16702 10.59257 5.282712 17.69506 0 0 0 0 0 0 0 0 0 0 0 0
0 0 0 23.17435 28.82822 29.22159 29.72785 30.06549 29.68137 19.16858 17.75811 24.42304 16.91019 24.4085 31.02999 32.96795 31.835 29.9645 32.19038 33.22831 29.53553 28.45791 27.03397 29.72625 28.02757 26.82209 27.56458 27.23891 24.39861 19.71047 23.30539 30.31585 30.96646 31.32243 31.1983 31.99966 30.81805 28.67851 27.51058 24.66496 18.742 20.30225 23.68135 21.13279 25.73009 30.42871 28.04795 22.8097 12.67243 8.380926 15.52411 0 0 0 0 0 0 0 0 0 0 0 0 0 0
0 0 0 13.36969 24.12159 27.8681 28.62336 27.35712 30.41093 26.80955 27.47131 32.62325 28.52711 32.81334 32.56484 32.59395 32.01428 29.23017 30.60904 33.44736 30.96809 23.84285 18.68727 24.15261 26.50002 25.17174 22.70327 21.75011 23.53847 22.56303 25.90282 23.41236 13.6575 13.21371 9.631678 10.55309 15.9921 15.02471 8.735691 3.277484 2.024868 3.554247 9.069695 9.369568 7.275709 12.40776 19.26189 29.13604 0 0 0 0 0 0 0 0 0 0 0 0 0 0 0 0 0
0 0 0 0 29.0695 31.58279 32.99851 30.80835 31.05843 30.21298 28.44419 30.61167 28.13642 31.97675 31.37602 33.94302 36.32942 35.32939 30.10205 28.88346 29.82013 26.22863 20.37591 21.66095 24.62038 27.28501 29.11409 29.13544 26.89782 21.72428 14.85106 10.74666 16.2602 15.47823 12.29748 0 0 0 0 0 0 0 0 0 0 0 0 0 0 0 0 0 0 0 0 0 0 0 0 0 0 0 0 0 0
