includes/dem_pilot.asc
ncols         297
nrows         221
xllcorner     181739.54041205
yllcorner     1697004.2836612
cellsize      29.882412706034
NODATA_value  -9999
[rows 0 to 27 of 221, columns 195 to 259 of 297]
14.10601 13.08192 12.05783 11.52655 11.14153 10.75652 12.36228 14.58256 16.80285 18.08779 19.07268 20.05758 20.46709 20.68494 20.90279 20.80061 20.5878 20.37499 20.87779 21.63712 22.39645 22.54977 22.47795 22.40613 21.46877 20.19832 18.92788 17.75557 16.62236 15.48916 15.08891 14.99079 14.89267 15.70655 16.90923 18.11191 17.54729 16.20381 14.86034 15.06208 15.9675 16.87292 15.44201 12.91217 10.38233 8.753356 7.561912 6.370468 5.192689 4.021761 2.850833 2.763963 3.237803 3.711643 4.852293 6.348705 7.845117 7.986437 7.382226 6.778016 7.370418 8.641517 9.912615 11.84734 14.16999
15.12634 14.39604 13.66574 12.12764 10.34978 8.571916 9.722671 11.77744 13.83222 15.0614 16.02574 16.99008 17.78373 18.52052 19.25731 19.64066 19.90184 20.16301 20.74049 21.43136 22.12223 22.67087 23.16666 23.66246 23.01203 21.9205 20.82898 19.26642 17.51621 15.766 14.79057 14.1345 13.47843 14.28155 15.70675 17.13194 17.67199 17.82195 17.97192 18.12679 18.28388 18.44098 16.50883 13.59395 10.67908 8.673498 7.109531 5.545564 4.30535 3.227428 2.149505 2.387895 3.307124 4.226354 5.583815 7.175083 8.766352 8.5053 7.225155 5.945012 6.110773 7.096623 8.082475 9.944735 12.31932
15.02636 14.95925 14.89215 13.27279 11.19273 9.112668 9.383936 10.38102 11.37811 12.5785 13.84411 15.10972 16.11817 17.04095 17.96373 18.4746 18.84308 19.21156 19.67784 20.17919 20.68054 21.47089 22.36862 23.26634 22.98718 22.25513 21.52307 20.0453 18.27044 16.49558 15.30358 14.35183 13.40008 13.48459 14.01088 14.53716 15.90583 17.64573 19.38563 19.92002 19.90544 19.89085 18.02374 15.28525 12.54675 10.41733 8.583714 6.750097 5.404233 4.302871 3.201509 3.477053 4.464777 5.452501 6.831137 8.418334 10.00553 9.585068 8.060048 6.535028 6.410793 7.081058 7.751321 9.469474 11.80019
14.54174 15.26465 15.98757 14.60474 12.59692 10.5891 9.835143 9.468237 9.101331 10.2822 11.95957 13.63694 14.80204 15.7965 16.79096 17.30643 17.65633 18.00622 18.2975 18.56776 18.83803 19.81736 21.06013 22.3029 22.42397 22.11337 21.80277 20.57287 18.97673 17.3806 16.09514 14.93775 13.78036 12.90324 12.14561 11.38798 13.49048 16.85345 20.21642 21.27673 21.28844 21.30014 19.69248 17.32312 14.95376 12.78728 10.71933 8.651381 7.18503 6.020251 4.855471 5.069256 5.996078 6.922902 8.255547 9.804708 11.35387 10.85741 9.235503 7.613601 7.246284 7.590544 7.934804 9.484251 11.73821
14.05712 15.57006 17.08299 15.93668 14.0011 12.06553 10.28635 8.555453 6.824555 7.985895 10.07503 12.16416 13.48592 14.55206 15.6182 16.13827 16.46958 16.80089 16.91716 16.95634 16.99552 18.16383 19.75165 21.33946 21.86075 21.97161 22.08247 21.10044 19.68303 18.26561 16.88671 15.52368 14.16064 12.3219 10.28035 8.2388 11.07514 16.06117 21.04721 22.63344 22.67144 22.70943 21.36123 19.361 17.36077 15.15723 12.85495 10.55267 8.965829 7.737631 6.509434 6.661458 7.52738 8.393301 9.679955 11.19108 12.70221 12.12975 10.41096 8.692173 8.081773 8.10003 8.118287 9.499028 11.67624
13.53577 14.83189 16.128 15.38431 14.03521 12.6861 10.81628 8.785719 6.75516 7.568441 9.293989 11.01954 12.30556 13.44516 14.58477 15.20527 15.64632 16.08737 16.02661 15.78596 15.54531 16.56679 18.05719 19.54758 20.49683 21.23785 21.97886 21.53343 20.61535 19.69727 18.18961 16.43891 14.68821 13.11276 11.612 10.11125 12.7956 17.32434 21.85308 23.02015 22.65635 22.29255 21.22705 19.83149 18.43593 16.71276 14.83048 12.9482 11.61426 10.5552 9.496129 9.370487 9.727644 10.0848 11.19647 12.71068 14.22489 13.48607 11.50768 9.529303 8.808903 8.802007 8.795111 10.18972 12.40362
13.00134 13.72213 14.44291 14.16099 13.58145 13.00192 11.37423 9.422999 7.471765 7.820004 8.905887 9.991768 11.17354 12.38724 13.60095 14.35599 14.95249 15.54898 15.31047 14.77264 14.2348 14.98987 16.22529 17.4607 18.84781 20.29329 21.73876 21.93275 21.62816 21.32357 19.67458 17.4714 15.26823 14.39222 14.08201 13.7718 15.98874 19.31941 22.65008 23.06145 22.14343 21.22541 20.45089 19.74387 19.03685 17.9783 16.74902 15.51974 14.57165 13.76451 12.95738 12.47719 12.16611 11.85503 12.74577 14.27771 15.80966 14.87229 12.57638 10.28046 9.497448 9.572525 9.647602 11.1211 13.41208
12.46691 12.61237 12.75782 12.93766 13.1277 13.31774 11.93219 10.06028 8.188369 8.071568 8.517783 8.963999 10.04151 11.32932 12.61713 13.50672 14.25866 15.01059 14.59434 13.75931 12.92429 13.41295 14.39339 15.37383 17.19879 19.34873 21.49867 22.33206 22.64097 22.94988 21.15955 18.5039 15.84824 15.67169 16.55202 17.43234 19.18188 21.31447 23.44707 23.10276 21.63051 20.15826 19.67472 19.65624 19.63777 19.24383 18.66755 18.09127 17.52903 16.97383 16.41864 15.5839 14.60458 13.62526 14.29507 15.84475 17.39443 16.25851 13.64507 11.03162 10.18599 10.34304 10.50009 12.05248 14.42053
11.70367 11.57477 11.44587 11.46701 11.53268 11.59835 10.90026 9.966395 9.032536 9.131634 9.562091 9.992548 10.31677 10.6056 10.89444 11.98537 13.35357 14.72178 14.68231 14.13824 13.59416 13.94043 14.61749 15.29455 17.09669 19.33177 21.56686 22.51584 22.95246 23.38907 21.63945 18.98864 16.33783 16.44869 17.73689 19.02508 20.38526 21.77715 23.16904 22.48693 20.86033 19.23374 19.1099 19.69291 20.27591 20.44107 20.4033 20.36552 20.12736 19.78875 19.45014 18.20609 16.49373 14.78136 15.23569 16.846 18.45631 17.44206 14.98386 12.52565 11.89825 12.30925 12.72025 14.17481 16.23942
10.85599 10.56381 10.27162 9.90507 9.516442 9.127813 9.281528 9.602655 9.923783 10.4901 11.13507 11.78004 11.11142 10.00523 8.899033 10.21597 12.37052 14.52507 15.06707 15.03101 14.99495 15.24461 15.60042 15.95623 17.56552 19.65718 21.74884 22.62007 23.0051 23.39013 21.7484 19.27122 16.79405 17.04024 18.44744 19.85465 20.85426 21.67426 22.49425 21.62854 19.9952 18.36185 18.62307 19.77544 20.9278 21.61311 22.07159 22.53007 22.59318 22.45811 22.32303 20.64947 18.18014 15.71081 15.95165 17.63843 19.3252 18.5508 16.42233 14.29387 13.98834 14.71676 15.44518 16.73671 18.35741
10.0083 9.552841 9.097383 8.343134 7.500204 6.657275 7.662801 9.238915 10.81503 11.84857 12.70805 13.56753 11.90607 9.404851 6.90363 8.446561 11.38747 14.32837 15.45183 15.92379 16.39574 16.54878 16.58335 16.61791 18.03436 19.98259 21.93082 22.7243 23.05774 23.39118 21.85735 19.55381 17.25027 17.63179 19.158 20.68421 21.32327 21.57136 21.81945 20.77016 19.13007 17.48997 18.13625 19.85797 21.57969 22.78515 23.73988 24.69461 25.059 25.12746 25.19592 23.09283 19.86655 16.64026 16.66761 18.43085 20.1941 19.65955 17.86081 16.06208 16.07843 17.12427 18.17011 19.2986 20.4754
10.57639 10.04536 9.514332 8.777963 7.980647 7.183332 7.781052 8.809398 9.837743 11.2243 12.72576 14.22723 12.76147 10.30728 7.853091 8.738891 10.77925 12.81961 14.11402 15.14102 16.16802 16.53574 16.65852 16.78131 18.06538 19.79635 21.52732 22.1845 22.41392 22.64333 21.2394 19.16218 17.08497 17.64676 19.33361 21.02045 21.64701 21.8063 21.96558 20.92907 19.34802 17.76696 18.32685 19.89378 21.4607 22.69462 23.76681 24.83899 25.40923 25.72785 26.04646 24.05402 20.86622 17.67842 17.73359 19.51898 21.30436 20.77806 18.97995 17.18184 17.1995 18.24703 19.29456 20.39564 21.52802
11.68577 11.1127 10.53964 9.976214 9.415646 8.855077 8.563401 8.35473 8.146058 9.841971 12.14885 14.45573 13.64009 11.78427 9.928463 9.819483 10.31434 10.8092 12.1176 13.71764 15.31767 16.01909 16.38665 16.7542 17.92902 19.41449 20.89996 21.39848 21.50381 21.60915 20.34353 18.51279 16.68205 17.44129 19.30469 21.16809 21.91521 22.17039 22.42557 21.47692 19.98006 18.4832 18.77645 19.91172 21.04699 22.12137 23.1662 24.21102 24.95061 25.5372 26.12379 24.44851 21.60333 18.75814 18.9334 20.72015 22.5069 21.90032 19.977 18.05368 17.95008 18.87859 19.8071 20.93262 22.17331
12.79515 12.18005 11.56495 11.17447 10.85064 10.52682 9.345752 7.900062 6.454372 8.459645 11.57194 14.68424 14.5187 13.26127 12.00383 10.90007 9.849437 8.7988 10.12119 12.29426 14.46733 15.50244 16.11477 16.7271 17.79266 19.03263 20.27261 20.61246 20.59371 20.57496 19.44766 17.86339 16.27913 17.23582 19.27578 21.31573 22.18342 22.53449 22.88556 22.02477 20.61211 19.19945 19.22606 19.92966 20.63327 21.54813 22.56559 23.58304 24.492 25.34656 26.20112 24.84301 22.34044 19.83787 20.13322 21.92133 23.70944 23.02258 20.97405 18.92552 18.70066 19.51015 20.31963 21.4696 22.81861
13.95455 13.32986 12.70517 12.21207 11.75802 11.30397 10.19313 8.879538 7.565948 9.387508 12.21478 15.04206 15.00318 14.00955 13.01591 11.43165 9.643226 7.854802 9.131234 11.50635 13.88147 15.02878 15.71993 16.41108 17.39682 18.49593 19.59504 19.75881 19.54995 19.3411 18.25158 16.79905 15.34651 16.57692 18.95111 21.3253 22.31609 22.69721 23.07833 22.27768 20.93888 19.60007 19.40065 19.73715 20.07366 20.81044 21.74161 22.67278 23.59463 24.51179 25.42896 24.51344 22.65 20.78656 21.12754 22.64462 24.16171 23.01033 20.39083 17.77134 17.33982 18.14926 18.95871 20.2488 21.81984
15.13377 14.51232 13.89088 13.18608 12.45654 11.72701 11.06624 10.4267 9.787167 11.22984 13.34045 15.45107 15.33165 14.46937 13.60709 11.7459 9.539415 7.33293 8.539676 10.96999 13.4003 14.57214 15.27641 15.98069 16.89827 17.89793 18.89759 18.87839 18.45329 18.0282 16.93668 15.57045 14.20422 15.73852 18.50937 21.28021 22.3951 22.78021 23.16531 22.41385 21.1448 19.87576 19.46637 19.46134 19.4563 20.00765 20.82922 21.65078 22.52358 23.42206 24.32053 23.89726 22.79033 21.6834 22.04052 23.17876 24.31699 22.549 19.18209 15.81517 15.14318 15.99969 16.8562 18.33219 20.1703
16.31298 15.69478 15.07658 14.16009 13.15507 12.15004 11.93936 11.97387 12.00839 13.07217 14.46612 15.86008 15.66011 14.92919 14.19827 12.06015 9.435605 6.811058 7.948117 10.43363 12.91914 14.1155 14.8329 15.55031 16.39972 17.29993 18.20014 17.99797 17.35664 16.7153 15.62177 14.34185 13.06193 14.90013 18.06763 21.23513 22.47412 22.86321 23.2523 22.55001 21.35073 20.15145 19.5321 19.18552 18.83895 19.20487 19.91682 20.62878 21.45253 22.33232 23.21211 23.28107 22.93065 22.58023 22.9535 23.71289 24.47227 22.08767 17.97334 13.85901 12.94654 13.85012 14.7537 16.41558 18.52075
16.59031 16.5657 16.54108 15.36496 13.84707 12.32918 12.41077 12.98609 13.56142 14.40356 15.33129 16.25902 15.65468 14.53998 13.42528 11.44792 9.172364 6.896808 7.951585 10.20021 12.44884 13.65533 14.47464 15.29394 16.25502 17.27065 18.28628 17.9476 17.06939 16.19118 15.06683 13.84102 12.61521 14.36244 17.37713 20.39181 21.54486 21.87748 22.21011 21.62592 20.62424 19.62255 19.12344 18.86073 18.59801 19.14459 20.08422 21.02384 21.69603 22.23416 22.77229 22.87558 22.75395 22.63232 22.8764 23.3156 23.7548 21.61325 18.05185 14.49045 13.69552 14.46967 15.24382 16.40192 17.78446
16.49821 17.309 18.11979 16.6644 14.53641 12.40841 12.71764 13.77919 14.84075 15.52566 16.08975 16.65384 15.51247 13.80299 12.0935 10.45619 8.843818 7.23145 8.198788 10.09089 11.983 13.19372 14.15129 15.10886 16.25525 17.47432 18.69339 18.23723 17.11369 15.99015 14.82318 13.6383 12.45342 13.94794 16.58473 19.22152 20.2026 20.45399 20.70539 20.26753 19.51581 18.76408 18.52047 18.51587 18.51127 19.38846 20.69391 21.99936 22.478 22.54218 22.60635 22.55639 22.44739 22.33839 22.39375 22.53679 22.67982 21.13346 18.65764 16.18183 15.65106 16.22351 16.79594 17.16775 17.42226
16.40611 18.0523 19.6985 17.96384 15.22574 12.48764 13.0245 14.57229 16.12008 16.64776 16.84821 17.04866 15.37026 13.06599 10.76172 9.46445 8.515271 7.566092 8.445991 9.981573 11.51716 12.73211 13.82794 14.92377 16.25549 17.678 19.1005 18.52686 17.158 15.78913 14.57953 13.43557 12.29162 13.53343 15.79233 18.05123 18.86033 19.0305 19.20067 18.90914 18.40737 17.9056 17.9175 18.17101 18.42452 19.63233 21.3036 22.97487 23.25996 22.85019 22.44041 22.2372 22.14083 22.04447 21.91109 21.75797 21.60485 20.65367 19.26344 17.8732 17.60661 17.97734 18.34806 17.93357 17.06006
15.7892 18.21872 20.64824 18.96976 16.07202 13.17429 13.4164 14.62772 15.83905 16.12226 16.10774 16.09322 14.25639 11.81252 9.368647 8.508229 8.195176 7.882123 8.701568 9.926989 11.15241 12.17618 13.12503 14.07387 15.22257 16.44817 17.67377 17.28426 16.25132 15.21838 14.50244 13.91717 13.3319 14.07505 15.38453 16.69402 17.41942 17.88742 18.35542 18.26406 17.91799 17.57191 17.34153 17.16556 16.98959 18.42219 20.63601 22.84984 23.42818 23.18668 22.94518 22.70553 22.46683 22.22812 21.73892 21.11608 20.49323 19.89941 19.32157 18.74372 18.79314 19.19834 19.60354 18.82272 17.3486
14.94994 18.14072 21.3315 19.85132 16.9848 14.11828 13.84431 14.37062 14.89693 14.8987 14.73221 14.56571 12.73085 10.34022 7.949596 7.567054 7.878661 8.190268 8.960692 9.895594 10.83049 11.58029 12.2613 12.94232 13.75192 14.61101 15.4701 15.3925 14.94174 14.49098 14.49591 14.68868 14.88145 15.02175 15.13968 15.25761 15.93672 16.86314 17.78957 17.92119 17.69088 17.46056 16.77699 15.88023 14.98347 16.59603 19.42729 22.25855 23.33638 23.53525 23.73412 23.5075 23.06081 22.61412 21.6983 20.53219 19.36609 19.02887 19.14767 19.26647 19.65387 20.1936 20.73333 19.76413 17.91285
14.11068 18.06272 22.01476 20.73289 17.89758 15.06227 14.27223 14.11352 13.95482 13.67515 13.35668 13.0382 11.2053 8.867925 6.530546 6.625878 7.562146 8.498413 9.219817 9.864199 10.50858 10.98439 11.39758 11.81076 12.28128 12.77386 13.26643 13.50074 13.63216 13.76358 14.48938 15.4602 16.43101 15.96845 14.89483 13.8212 14.45401 15.83886 17.22372 17.57832 17.46376 17.34921 16.21246 14.5949 12.97735 14.76988 18.21856 21.66725 23.24457 23.88381 24.52305 24.30947 23.65479 23.00011 21.65768 19.94831 18.23895 18.15832 18.97377 19.78923 20.51459 21.18886 21.86313 20.70553 18.47709
13.67741 18.09148 22.50555 21.44152 18.75157 16.06162 14.64249 13.61563 12.58877 11.98664 11.52075 11.05486 9.858562 8.418958 6.979353 7.691985 9.148597 10.60521 11.3933 11.94174 12.49018 12.42328 12.12778 11.83228 11.53205 11.23 10.92796 11.84057 13.23709 14.63361 15.76286 16.78194 17.80102 16.89116 15.15897 13.42678 13.67735 14.80173 15.92611 16.66262 17.2225 17.78238 16.70354 14.85387 13.00421 14.32668 17.18975 20.05281 21.78419 22.94828 24.11236 24.00485 23.23961 22.47438 20.93897 18.99266 17.04635 17.15421 18.39221 19.63021 20.54053 21.26501 21.98948 21.02324 19.06866
13.42196 18.167 22.91204 22.0744 19.57981 17.08523 14.9875 13.01227 11.03704 10.09447 9.483161 8.871852 8.590137 8.418215 8.246293 9.637292 11.56856 13.49982 14.40528 14.943 15.48072 14.75342 13.55613 12.35885 11.09881 9.814617 8.530429 10.28184 13.24258 16.20333 17.59699 18.34468 19.09237 17.80335 15.64606 13.48877 13.20994 13.75896 14.30799 15.49602 16.97505 18.45407 17.65697 15.78925 13.92153 14.48923 16.23973 17.99024 19.72437 21.45031 23.17624 23.21552 22.38242 21.54931 19.92327 17.87418 15.82509 16.0916 17.63209 19.17257 20.20084 20.93858 21.67632 21.06776 19.67219
13.1665 18.24251 23.31853 22.70728 20.40806 18.10883 15.33251 12.40891 9.485312 8.202303 7.445575 6.688847 7.321711 8.417472 9.513232 11.5826 13.98852 16.39444 17.41725 17.94426 18.47126 17.08355 14.98448 12.88541 10.66556 8.399231 6.132902 8.723107 13.24807 17.77304 19.43111 19.90742 20.38372 18.71555 16.13315 13.55076 12.74253 12.7162 12.68986 14.32942 16.72759 19.12576 18.61041 16.72463 14.83884 14.65178 15.28972 15.92766 17.66455 19.95233 22.24011 22.4262 21.52522 20.62424 18.90757 16.7557 14.60383 15.029 16.87196 18.71493 19.86114 20.61215 21.36316 21.11228 20.27572
13.15273 18.17388 23.19502 22.80199 20.80202 18.80206 15.7962 12.47985 9.163492 7.821336 7.112478 6.40362 7.576406 9.375997 11.17559 13.24674 15.41176 17.57678 17.92066 17.6117 17.30273 16.02511 14.3876 12.7501 11.26105 9.829135 8.397216 10.59257 14.23296 17.87336 19.01295 19.12169 19.23042 18.10538 16.45435 14.80332 13.82847 13.15162 12.47477 14.05862 16.67198 19.28533 19.15157 17.72566 16.29974 15.34027 14.60734 13.87441 14.98503 17.01979 19.05455 19.24595 18.48391 17.72186 16.26892 14.44737 12.62583 13.22598 15.15848 17.09097 18.59721 19.86168 21.12615 21.24514 20.69452
13.24835 18.03999 22.83163 22.6531 20.99943 19.34575 16.31363 12.856 9.39837 8.124387 7.550888 6.977389 8.520512 10.76872 13.01692 14.78361 16.38386 17.98411 17.28861 15.77014 14.25167 13.43288 12.87405 12.31521 12.32219 12.54691 12.77163 14.01373 15.66115 17.30857 17.57533 17.27296 16.9706 16.80613 16.70046 16.59478 15.61751 14.25611 12.89472 14.19331 16.7032 19.2131 19.50612 18.7564 18.00667 16.26683 14.04611 11.82539 12.02502 13.43792 14.85083 14.9835 14.45399 13.92448 12.89568 11.60049 10.3053 11.08783 13.01346 14.9391 16.91495 18.91928 20.9236 21.41799 21.02971
