includes/dem_pilot.asc
ncols         297
nrows         221
xllcorner     181739.54041205
yllcorner     1697004.2836612
cellsize      29.882412706034
NODATA_value  -9999
[rows 140 to 167 of 221, columns 65 to 129 of 297]
23.4036 23.9298 24.456 24.85386 23.6029 22.35194 20.82632 15.36389 9.901452 4.787295 5.307455 5.827614 6.43418 8.641547 10.84892 12.99754 13.87626 14.75497 15.59262 15.36784 15.14305 14.96179 16.17818 17.39457 18.59208 18.99521 19.39833 19.79265 19.65264 19.51263 19.37524 19.52001 19.66478 19.80684 18.72067 17.6345 16.54834 16.79856 17.05523 17.3119 16.85114 16.38182 15.91249 14.78584 13.64659 12.50734 12.19839 11.91145 11.6245 13.75268 15.9628 18.17292 18.33401 18.41013 18.48626 17.9699 17.42445 16.879 14.36172 11.73229 9.102862 11.87715 15.00138 18.12562 18.85647
22.2702 22.91425 23.5583 24.1189 23.60741 23.09592 22.30928 17.57891 12.84855 8.312227 6.915127 5.518027 4.345187 7.327034 10.30888 13.20285 14.19695 15.19106 16.13926 15.8996 15.65995 15.46443 16.68567 17.90692 19.10225 19.20667 19.31109 19.41148 19.267 19.12252 18.98114 19.17388 19.36663 19.5564 18.39944 17.24247 16.0855 16.40953 16.74071 17.0719 16.69107 16.30175 15.91242 14.52697 13.12242 11.71787 11.79652 11.91446 12.03241 13.99119 16.01242 18.03365 17.96836 17.81655 17.66475 17.09878 16.51248 15.92617 14.23639 12.48384 10.73129 13.02689 15.58466 18.14242 18.66973
21.13679 21.89869 22.6606 23.38394 23.61192 23.83989 23.79224 19.79394 15.79564 11.83716 8.5228 5.208441 2.256194 6.012521 9.768848 13.40816 14.51765 15.62714 16.68588 16.43137 16.17686 15.96707 17.19317 18.41927 19.61241 19.41813 19.22385 19.03031 18.88136 18.73241 18.58704 18.82776 19.06848 19.30597 18.0782 16.85043 15.62266 16.02051 16.4262 16.8319 16.53101 16.22168 15.91235 14.26809 12.59825 10.92841 11.39465 11.91748 12.44032 14.2297 16.06204 17.89439 17.60272 17.22298 16.84324 16.22766 15.60051 14.97335 14.11106 13.23538 12.35971 14.17664 16.16793 18.15922 18.48299
20.08657 20.83215 21.57773 22.31529 22.94985 23.58441 23.96935 20.77634 17.58333 14.33064 10.11258 5.894522 2.076787 5.675584 9.27438 12.77653 14.18933 15.60213 16.95732 16.8218 16.68629 16.58784 17.67977 18.77169 19.82879 19.41969 19.0106 18.60709 18.54297 18.47886 18.41783 18.68912 18.96042 19.22814 17.87366 16.51919 15.16471 15.5691 15.98198 16.39487 16.25936 16.1173 15.97525 14.31643 12.62853 10.94064 11.61426 12.35045 13.08665 14.60248 16.14477 17.68706 17.1173 16.45996 15.80263 15.29393 14.79253 14.29113 14.02973 13.78198 13.53422 14.85999 16.28766 17.71534 18.02969
19.15345 19.69382 20.23418 20.77688 21.3494 21.92193 22.30811 20.02347 17.73883 15.37209 11.67718 7.982267 4.585626 6.714841 8.844057 10.9667 12.94735 14.928 16.84135 17.01327 17.18518 17.37493 18.13695 18.89898 19.63159 19.12576 18.61993 18.12468 18.27111 18.41755 18.56519 18.84258 19.11996 19.39331 17.83342 16.27353 14.71364 15.02988 15.35517 15.68046 15.83063 15.97871 16.12679 14.79723 13.43935 12.08147 12.70878 13.38869 14.0686 15.1643 16.27411 17.38391 16.46326 15.45842 14.45358 14.27205 14.13095 13.98985 14.01035 14.04004 14.06973 14.8868 15.75485 16.62291 17.20115
18.22032 18.55548 18.89064 19.23846 19.74895 20.25944 20.64688 19.27061 17.89434 16.41354 13.24178 10.07001 7.094465 7.754099 8.413734 9.156878 11.70537 14.25387 16.72537 17.20473 17.68408 18.16201 18.59414 19.02627 19.43439 18.83183 18.22927 17.64227 17.99925 18.35624 18.71255 18.99603 19.2795 19.55848 17.79318 16.02788 14.26258 14.49066 14.72836 14.96605 15.4019 15.84011 16.27833 15.27803 14.25017 13.2223 13.8033 14.42693 15.05056 15.72612 16.40344 17.08077 15.80923 14.45689 13.10454 13.25017 13.46937 13.68858 13.99098 14.29811 14.60524 14.9136 15.22204 15.53048 16.37261
17.87428 17.90872 17.94317 17.99791 18.31343 18.62895 18.87673 18.15357 17.43042 16.59914 14.01876 11.43837 8.955726 8.283752 7.611779 7.108703 10.25699 13.40527 16.46554 17.24815 18.03077 18.79123 18.84033 18.88944 18.92517 18.39812 17.87108 17.3618 17.93162 18.50143 19.06853 19.34299 19.61745 19.88716 18.0012 16.11523 14.22927 14.2849 14.3499 14.4149 15.0443 15.68044 16.31659 15.76317 15.18696 14.61074 15.12098 15.66 16.19903 16.42042 16.63104 16.84166 15.72035 14.54381 13.36727 13.85408 14.42258 14.99108 15.32093 15.6372 15.95348 15.69911 15.40779 15.11646 16.03062
18.37896 17.97429 17.56962 17.18897 17.11689 17.04482 16.94875 16.50884 16.06892 15.54458 13.65445 11.76432 9.878613 8.074961 6.271308 4.71515 8.509512 12.30387 15.99723 17.07707 18.15691 19.19171 18.7808 18.36988 17.96382 17.76187 17.55992 17.37398 18.15992 18.94586 19.72681 19.97037 20.21392 20.4528 18.56897 16.68513 14.8013 14.56234 14.33131 14.10029 14.78976 15.49023 16.1907 16.2546 16.30629 16.35798 16.76202 17.1754 17.58878 17.3067 17.00103 16.69536 16.45042 16.20799 15.96556 16.81384 17.71569 18.61753 18.60613 18.54277 18.47942 17.58404 16.63478 15.68551 16.39367
18.88363 18.03985 17.19607 16.38003 15.92036 15.46069 15.02077 14.8641 14.70742 14.49001 13.29013 12.09026 10.8015 7.866169 4.930838 2.321597 6.762035 11.20247 15.52892 16.90598 18.28304 19.59219 18.72126 17.85033 17.00247 17.12562 17.24876 17.38615 18.38822 19.39029 20.3851 20.59774 20.81039 21.01843 19.13673 17.25504 15.37334 14.83978 14.31273 13.78568 14.53523 15.30002 16.06482 16.74602 17.42562 18.10522 18.40307 18.6908 18.97854 18.19299 17.37102 16.54906 17.18048 17.87217 18.56385 19.7736 21.0088 22.24399 21.89132 21.44834 21.00536 19.46896 17.86176 16.25456 16.75672
19.14289 17.94846 16.75403 15.59434 14.88095 14.16756 13.49778 13.45309 13.4084 13.32983 12.70322 12.07662 11.30828 7.914027 4.519773 1.474441 5.972375 10.47031 14.86425 16.56739 18.27054 19.88489 18.64879 17.41269 16.20783 16.31819 16.42855 16.5564 17.74635 18.93629 20.11739 20.34511 20.57283 20.79593 18.92758 17.05922 15.19086 14.44603 13.70663 12.96723 13.80176 14.65508 15.50841 16.62474 17.74612 18.86749 19.12288 19.35533 19.58777 18.63833 17.6488 16.65926 17.93741 19.30958 20.68175 21.96716 23.24831 24.52945 23.99102 23.3491 22.70717 20.7474 18.70229 16.65718 16.79265
19.03605 17.62292 16.2098 14.84331 14.07593 13.30855 12.57895 12.39076 12.20257 12.01207 11.78424 11.55642 11.19432 8.344752 5.495181 2.934173 6.611571 10.28897 13.90664 15.97893 18.05122 20.01682 18.55703 17.09725 15.66191 15.25542 14.84893 14.47067 15.80636 17.14205 18.46831 18.77969 19.09107 19.39772 17.55941 15.72111 13.8828 13.05101 12.22408 11.39715 12.35382 13.33179 14.30977 15.58946 16.87494 18.16042 18.46843 18.75054 19.03265 18.42591 17.78901 17.15211 18.73441 20.40872 22.08303 23.01772 23.91607 24.81443 24.32221 23.7509 23.17959 21.1211 18.9663 16.8115 16.34058
18.9292 17.29739 15.66558 14.09229 13.27092 12.44955 11.66011 11.32843 10.99674 10.69431 10.86526 11.03621 11.08037 8.775477 6.470588 4.393906 7.250767 10.10763 12.94903 15.39047 17.8319 20.14874 18.46527 16.78181 15.11598 14.19265 13.26931 12.38494 13.86637 15.3478 16.81923 17.21427 17.60931 17.9995 16.19125 14.383 12.57475 11.65599 10.74153 9.82707 10.90588 12.0085 13.11112 14.55418 16.00376 17.45334 17.81397 18.14575 18.47753 18.21348 17.92922 17.64496 19.5314 21.50785 23.4843 24.06827 24.58384 25.09941 24.6534 24.1527 23.652 21.49479 19.23031 16.96583 15.88852
18.74496 16.95943 15.1739 13.45209 12.54889 11.64569 10.77081 10.30192 9.833017 9.421137 9.931666 10.44219 10.8341 9.028285 7.222473 5.583457 7.550372 9.517286 11.5157 14.32907 17.14244 19.82238 18.21867 16.61496 15.01822 13.71486 12.4115 11.153 12.61881 14.08461 15.54105 15.98856 16.43606 16.87869 15.10575 13.33282 11.55988 10.61848 9.681095 8.743711 9.870131 11.02121 12.17228 13.61241 15.05808 16.50375 16.87673 17.22129 17.56585 17.64131 17.70765 17.77399 19.75607 21.81758 23.87909 24.1784 24.39114 24.60389 24.32106 24.01003 23.69901 21.64514 19.47841 17.31168 15.77724
18.44184 16.6024 14.76295 12.98213 11.95434 10.92655 9.926884 9.330426 8.733969 8.216431 8.975615 9.734798 10.38459 9.007806 7.631019 6.358002 7.328355 8.298709 9.351638 12.54123 15.73081 18.7921 17.73423 16.67636 15.60885 14.13562 12.66238 11.2325 12.43483 13.63716 14.83258 15.28465 15.73671 16.18398 14.45444 12.7249 10.99535 10.13011 9.269041 8.407971 9.467524 10.55002 11.63252 12.81429 13.99797 15.18165 15.50512 15.80581 16.10649 16.51658 16.93037 17.34416 19.1016 20.91475 22.72789 22.844 22.87675 22.9095 22.96949 23.03104 23.09258 21.45243 19.70207 17.95172 16.18942
18.13872 16.24536 14.35201 12.51216 11.35978 10.2074 9.082953 8.358937 7.634921 7.011725 8.019564 9.027402 9.935087 8.987327 8.039565 7.132547 7.106339 7.080131 7.187577 10.75339 14.31919 17.76182 17.24979 16.73776 16.19948 14.55638 12.91327 11.31201 12.25085 13.1897 14.12411 14.58074 15.03736 15.48927 13.80312 12.11697 10.43083 9.641743 8.856987 8.072231 9.064917 10.07884 11.09276 12.01617 12.93786 13.85954 14.13351 14.39033 14.64714 15.39184 16.15309 16.91434 18.44713 20.01191 21.57669 21.5096 21.36235 21.21511 21.61793 22.05204 22.48615 21.25971 19.92574 18.59176 16.60161
16.54643 14.94275 13.33906 11.76585 10.58408 9.402312 8.248016 7.48749 6.726963 6.077663 7.227749 8.377836 9.4354 8.778869 8.122338 7.464675 6.782556 6.100436 5.58347 9.339928 13.09639 16.73845 16.70781 16.67718 16.60892 14.95695 13.30497 11.6916 12.42171 13.15181 13.87928 14.32246 14.76564 15.20382 13.37415 11.54447 9.714802 9.194094 8.679703 8.165312 9.245952 10.34565 11.44534 12.15996 12.86719 13.57442 13.78083 13.97396 14.1671 15.06924 15.99544 16.92163 18.09356 19.27567 20.45778 20.20318 19.87801 19.55285 20.30667 21.12186 21.93705 21.13235 20.22275 19.31315 17.4589
12.91484 12.14434 11.37384 10.58239 9.521833 8.461281 7.427307 6.774297 6.121287 5.571726 6.695739 7.819753 8.85633 8.273053 7.689777 7.096956 6.297791 5.498625 4.865141 8.5187 12.17226 15.72599 16.07481 16.42364 16.73173 15.32558 13.91942 12.5459 13.15386 13.76181 14.36787 14.76912 15.17037 15.56576 13.29688 11.028 8.75912 8.810857 8.873796 8.936734 10.35024 11.77988 13.20952 13.79372 14.36171 14.9297 15.03995 15.13808 15.2362 16.01553 16.81796 17.62039 18.21597 18.80296 19.38996 18.94103 18.44122 17.94141 19.05914 20.26888 21.47862 21.10837 20.63579 20.16322 19.0203
9.283257 9.345934 9.40861 9.398922 8.459585 7.520249 6.606598 6.061104 5.51561 5.06579 6.16373 7.261669 8.27726 7.767238 7.257216 6.729236 5.813025 4.896814 4.146811 7.697472 11.24813 14.71354 15.44182 16.1701 16.85455 15.69421 14.53387 13.4002 13.886 14.37181 14.85646 15.21579 15.57511 15.9277 13.21961 10.51153 7.803439 8.427621 9.067889 9.708157 11.45453 13.21411 14.9737 15.42748 15.85623 16.28497 16.29908 16.30219 16.30531 16.96181 17.64048 18.31915 18.33838 18.33025 18.32213 17.67888 17.00443 16.32998 17.81162 19.41591 21.02019 21.08438 21.04884 21.01329 20.5817
7.986032 8.595311 9.204591 9.705758 8.818038 7.930319 7.053676 6.335801 5.617926 4.998652 5.974512 6.950372 7.852993 7.398774 6.944554 6.4645 5.425942 4.387383 3.514651 6.932728 10.3508 13.69542 14.68163 15.66783 16.61266 15.81552 15.01838 14.24089 14.65616 15.07142 15.4856 15.7821 16.0786 16.36857 13.69261 11.01665 8.340689 9.351692 10.38049 11.40929 13.20406 15.00797 16.81189 17.11552 17.3904 17.66527 17.63908 17.60491 17.57074 18.1657 18.78201 19.39833 19.01249 18.5851 18.15771 17.35234 16.5284 15.70447 17.29457 19.02199 20.74941 21.1461 21.45662 21.76714 21.90312
10.49245 11.18138 11.87031 12.44091 11.4914 10.5419 9.566508 8.220181 6.873853 5.646499 6.343846 7.041193 7.680966 7.254112 6.827259 6.36757 5.198023 4.028476 3.022897 6.26002 9.497144 12.66808 13.71419 14.7603 15.7765 15.53385 15.29119 15.05942 15.48823 15.91705 16.34375 16.54337 16.743 16.93806 15.06222 13.18638 11.31054 12.40591 13.51561 14.62532 16.00495 17.3878 18.77065 18.892 18.98917 19.08634 19.11086 19.13346 19.15605 19.78934 20.44335 21.09736 20.58557 20.02544 19.46531 18.5503 17.61787 16.68544 17.96777 19.37608 20.78438 21.34748 21.85583 22.36419 22.83352
12.99887 13.76745 14.53603 15.17607 14.16477 13.15347 12.07934 10.10456 8.129781 6.294346 6.71318 7.132013 7.508938 7.109451 6.709963 6.270639 4.970104 3.669569 2.531142 5.587312 8.643483 11.64075 12.74675 13.85276 14.94034 15.25217 15.564 15.87795 16.32031 16.76267 17.20191 17.30465 17.40739 17.50754 16.43183 15.35611 14.2804 15.46012 16.65074 17.84134 18.80584 19.76763 20.72942 20.66849 20.58795 20.50741 20.58265 20.66201 20.74137 21.41298 22.10469 22.79639 22.15865 21.46578 20.77291 19.74827 18.70734 17.66641 18.64096 19.73016 20.81936 21.54885 22.25505 22.96125 23.76391
13.43961 14.45166 15.4637 16.33982 15.46971 14.59961 13.63861 11.37479 9.110964 6.98864 7.155415 7.32219 7.459858 7.058277 6.656696 6.21209 4.837328 3.462566 2.238617 4.916988 7.595359 10.23235 11.54094 12.84953 14.1476 15.00303 15.85846 16.70489 17.00466 17.30443 17.59996 17.43834 17.27672 17.11434 16.608 16.10166 15.59531 16.75434 17.9214 19.08847 19.80676 20.51969 21.23261 21.11432 20.98009 20.84586 21.0564 21.27608 21.49576 22.16332 22.84608 23.52883 22.89819 22.21308 21.52798 20.60362 19.6675 18.73139 19.52645 20.41998 21.31351 22.12058 22.92204 23.72351 24.59483
10.41264 11.94315 13.47366 14.8656 14.47744 14.08927 13.59709 11.61401 9.630923 7.760906 7.720033 7.679159 7.617173 7.164044 6.710916 6.217972 4.864272 3.510572 2.280547 4.250665 6.220783 8.184273 9.934957 11.68564 13.42774 14.8085 16.18925 17.54594 17.44101 17.33608 17.22562 16.51848 15.81134 15.10505 14.78071 14.45636 14.13202 15.09398 16.06215 17.03032 17.786 18.53913 19.29228 19.32633 19.3466 19.36687 19.85474 20.355 20.85525 21.44762 22.04311 22.63861 22.23843 21.79697 21.35551 20.8838 20.4106 19.9374 20.76832 21.67341 22.5785 23.31403 24.03858 24.76312 25.25875
7.385671 9.434642 11.48361 13.39138 13.48516 13.57894 13.55558 11.85323 10.15088 8.533172 8.28465 8.036128 7.774488 7.269812 6.765136 6.223855 4.891216 3.558577 2.322477 3.584342 4.846208 6.136193 8.328974 10.52175 12.70788 14.61397 16.52005 18.38699 17.87736 17.36773 16.85127 15.59862 14.34597 13.09576 12.95341 12.81107 12.66872 13.43362 14.20289 14.97217 15.76523 16.55859 17.35194 17.53834 17.71311 17.88789 18.65307 19.43391 20.21474 20.73192 21.24015 21.74838 21.57868 21.38086 21.18304 21.16398 21.1537 21.14342 22.01018 22.92684 23.84349 24.50748 25.15511 25.80274 25.92268
6.6092 8.741234 10.87327 12.87552 13.21054 13.54556 13.76634 12.34965 10.93295 9.575 9.167279 8.759559 8.340176 7.704736 7.069296 6.411983 5.28181 4.151637 3.090921 3.827457 4.563994 5.334121 7.182705 9.031288 10.89957 13.59717 16.29477 18.93742 18.24355 17.54967 16.84631 15.12042 13.39453 11.67263 11.76183 11.85102 11.94021 12.49568 13.05339 13.61111 14.41871 15.22929 16.03987 16.33517 16.62061 16.90604 17.73685 18.58212 19.42738 19.71572 19.98517 20.25462 20.20802 20.14831 20.0886 20.43585 20.80309 21.17032 22.15818 23.18133 24.20448 24.82513 25.41972 26.0143 25.84457
9.725956 11.18784 12.64972 14.01758 14.17744 14.3373 14.41352 13.29099 12.16846 11.08315 10.60005 10.11695 9.612324 8.70908 7.805836 6.915384 6.301495 5.687605 5.116192 5.643847 6.171501 6.687571 6.831714 6.975857 7.208305 11.15791 15.10752 18.98508 18.48834 17.9916 17.48034 15.40625 13.33217 11.26353 11.66997 12.07641 12.48285 12.80749 13.13173 13.45598 14.23856 15.02661 15.81467 16.14371 16.46396 16.78421 17.31442 17.8502 18.38597 18.17969 17.94823 17.71677 17.60754 17.50337 17.39921 17.96341 18.56043 19.15745 20.41384 21.70773 23.00162 23.6277 24.21054 24.79338 24.48278
12.84271 13.63445 14.42618 15.15963 15.14433 15.12903 15.06071 14.23234 13.40397 12.59131 12.03282 11.47433 10.88447 9.713424 8.542376 7.418786 7.32118 7.223575 7.141462 7.460235 7.779008 8.041021 6.480724 4.920427 3.517038 8.718654 13.92027 19.03275 18.73314 18.43352 18.11438 15.69209 13.2698 10.85443 11.57812 12.3018 13.02549 13.1193 13.21008 13.30085 14.05841 14.82394 15.58947 15.95225 16.30731 16.66238 16.89199 17.11828 17.34457 16.64366 15.91129 15.17892 15.00706 14.85843 14.70981 15.49096 16.31777 17.14458 18.6695 20.23412 21.79875 22.43027 23.00137 23.57246 23.12099
15.9941 16.33128 16.66846 16.96969 16.80902 16.64835 16.45437 15.78294 15.1115 14.4434 13.82918 13.21496 12.55818 11.11303 9.667879 8.290019 8.366931 8.443843 8.528207 8.805387 9.082568 9.284158 7.058875 4.833592 2.776263 7.788883 12.8015 17.73718 18.00077 18.26437 18.50501 16.27318 14.04136 11.81636 12.69417 13.57197 14.44978 14.29741 14.14006 13.98271 14.65139 15.32993 16.00848 16.42584 16.83819 17.25055 17.28589 17.31124 17.33659 16.37239 15.37462 14.37685 14.1157 13.88509 13.65448 14.38538 15.16351 15.94163 17.40233 18.90185 20.40137 20.94734 21.43156 21.91578 21.49173
