includes/dem_pilot.asc
ncols         297
nrows         221
xllcorner     181739.54041205
yllcorner     1697004.2836612
cellsize      29.882412706034
NODATA_value  -9999
[rows 0 to 27 of 221, columns 65 to 129 of 297]
16.86919 17.16375 17.4583 17.78988 18.59708 19.40429 20.24564 21.57648 22.90731 24.13321 23.66156 23.1899 22.83996 24.74494 26.64991 28.39441 26.66937 24.94434 23.10691 18.36112 13.61534 9.094643 11.80036 14.50607 17.11559 15.67568 14.23578 12.80604 11.99388 11.18172 10.37819 10.50504 10.6319 10.76183 12.29282 13.82381 15.3548 16.1459 16.93342 17.72094 18.58887 19.45776 20.32665 20.75291 21.17068 21.58846 22.32675 23.07354 23.82032 24.81966 25.82756 26.83546 26.52064 26.15098 25.78131 23.03719 20.17643 17.31568 16.87377 16.56945 16.26513 17.14474 18.10102 19.05729 20.02326
20.47984 20.37103 20.26222 20.19133 20.60743 21.02353 21.49047 22.68626 23.88204 24.96251 24.17763 23.39274 22.75649 24.874 26.99152 28.91643 26.67737 24.43832 22.10865 17.43425 12.75984 8.318654 11.36503 14.41141 17.35156 15.82013 14.28869 12.77043 12.05179 11.33315 10.62111 10.61921 10.61731 10.61885 12.18129 13.74374 15.30618 16.46852 17.62893 18.78934 19.70907 20.62591 21.54276 21.68934 21.82116 21.95297 22.17682 22.40311 22.6294 23.53461 24.46284 25.39108 25.22169 25.0068 24.79191 21.99315 19.06748 16.1418 15.70148 15.40252 15.10357 16.21459 17.41693 18.61927 20.08428
20.87617 20.43803 19.99989 19.64402 20.34517 21.04631 21.80919 23.45695 25.10471 26.62208 26.02987 25.43766 24.96096 26.62426 28.28755 29.72976 26.39222 23.05468 19.72011 16.46218 13.20425 10.12341 12.72818 15.33296 17.83433 15.9832 14.13206 12.30493 11.93518 11.56543 11.19749 11.02497 10.85246 10.68331 12.04229 13.40126 14.76024 16.02549 17.2903 18.55511 19.33146 20.10198 20.8725 20.56669 20.24026 19.91383 19.83186 19.75636 19.68087 20.88936 22.14141 23.39346 23.29997 23.15069 23.00141 20.6523 18.19513 15.73797 15.8094 16.02466 16.23992 17.26168 18.33566 19.40965 20.94461
20.16897 19.4269 18.68483 18.08434 19.30267 20.52099 21.80995 24.11123 26.41252 28.56668 28.34085 28.11501 27.95094 28.9311 29.91126 30.6431 26.00642 21.36974 16.85426 15.4746 14.09495 12.8142 14.70879 16.60339 18.40183 16.15266 13.90349 11.69185 11.75866 11.82546 11.88836 11.53086 11.17335 10.819 11.89385 12.9687 14.04355 15.3196 16.59662 17.87364 18.43962 18.99711 19.55461 18.73713 17.89329 17.04945 16.73328 16.43109 16.1289 17.77712 19.49152 21.20591 21.16444 21.05016 20.93588 19.20954 17.40402 15.5985 16.35684 17.26102 18.16519 18.98758 19.80468 20.62177 22.07935
19.46176 18.41577 17.36978 16.52466 18.26017 19.99568 21.81071 24.76551 27.72032 30.51129 30.65182 30.79236 30.94091 31.23794 31.53497 31.55644 25.62062 19.6848 13.9884 14.48702 14.98565 15.50499 16.68941 17.87382 18.96932 16.32212 13.67493 11.07877 11.58214 12.08549 12.57923 12.03674 11.49425 10.95469 11.74541 12.53613 13.32686 14.6137 15.90294 17.19217 17.54779 17.89225 18.23671 16.90755 15.54632 14.18508 13.63471 13.10582 12.57693 14.66489 16.84163 19.01837 19.02891 18.94963 18.87036 17.76679 16.61291 15.45903 16.90429 18.49738 20.09047 20.71349 21.27369 21.83389 23.2141
19.57826 18.4571 17.33593 16.43349 18.34085 20.24822 22.24348 25.49855 28.75361 31.8447 32.28294 32.72119 33.09443 32.26337 31.43232 30.38476 24.65668 18.92861 13.46102 14.73338 16.00574 17.25283 17.68865 18.12446 18.47163 15.08732 11.70301 8.391926 9.52686 10.66179 11.78143 11.25364 10.72585 10.20036 10.72034 11.24032 11.76031 13.02805 14.29941 15.57076 16.24771 16.91756 17.58741 16.35676 15.08968 13.8226 13.26058 12.71725 12.17391 14.09095 16.09147 18.09199 17.38762 16.5711 15.75457 16.37481 17.0656 17.7564 19.40207 21.10204 22.80202 22.73256 22.54851 22.36447 23.55346
19.98807 18.87318 17.7583 16.86521 18.82148 20.77774 22.83009 26.25963 29.68917 32.96047 33.67198 34.38349 34.95011 32.83252 30.71494 28.47064 23.48689 18.50314 13.76632 15.41912 17.07191 18.66491 18.33844 18.01198 17.59464 13.35249 9.11033 4.966653 6.802603 8.638554 10.45355 10.01156 9.569574 9.129119 9.383125 9.637133 9.891139 11.12915 12.37191 13.61466 14.80228 15.98923 17.17618 16.26131 15.30616 14.351 13.85658 13.37437 12.89215 14.42085 16.01777 17.61469 15.92232 14.09357 12.26482 15.0009 17.96118 20.92147 22.59431 24.19393 25.79355 24.85602 23.75418 22.65235 23.60962
20.39787 19.28927 18.18067 17.29694 19.3021 21.30727 23.4167 27.02071 30.62472 34.07624 35.06101 36.04578 36.80579 33.40167 29.99756 26.55651 22.31709 18.07766 14.07163 16.10485 18.13807 20.07699 18.98824 17.89949 16.71766 11.61765 6.517647 1.54138 4.078346 6.615312 9.12566 8.769481 8.413301 8.057878 8.045909 8.03394 8.021972 9.230243 10.4444 11.65857 13.35684 15.06089 16.76495 16.16587 15.52264 14.8794 14.45258 14.03149 13.6104 14.75075 15.94406 17.13738 14.45703 11.61604 8.775065 13.62699 18.85677 24.08654 25.78657 27.28582 28.78508 26.97948 24.95986 22.94024 23.66577
20.30627 19.60927 18.91228 18.40362 20.31447 22.22532 24.24256 27.78467 31.32678 34.71711 35.65207 36.58701 37.27069 33.29918 29.32768 25.3796 21.93796 18.49632 15.23887 16.74743 18.25599 19.65734 17.61666 15.57598 13.50663 10.23057 6.954496 3.771415 6.234392 8.69737 11.13573 10.92296 10.7102 10.49787 10.48569 10.47351 10.46133 11.42482 12.39302 13.36122 14.54117 15.72366 16.90614 16.16204 15.38102 14.59999 14.58432 14.58893 14.59353 15.12387 15.67205 16.22022 14.21095 12.09564 9.980325 15.34085 21.06855 26.79626 28.03304 29.01437 29.99571 28.42975 26.69883 24.96791 25.59168
20.0296 19.89381 19.75802 19.75941 21.52309 23.28678 25.15673 28.5497 31.94267 35.18271 35.94859 36.71448 37.22228 32.94881 28.67533 24.47477 21.85065 19.22653 16.72424 17.37408 18.02392 18.56162 15.49902 12.43643 9.434168 8.971824 8.50948 8.0887 10.19165 12.2946 14.37776 14.32967 14.28159 14.23379 14.31948 14.40517 14.49086 15.1302 15.77222 16.41423 16.6961 16.97366 17.25122 16.19204 15.10723 14.02243 14.54471 15.10957 15.67443 15.51295 15.32683 15.14072 14.41487 13.66664 12.91841 18.19433 23.76612 29.33792 29.93044 30.23974 30.54904 29.63156 28.63464 27.63771 28.20768
19.75293 20.17834 20.60376 21.1152 22.73172 24.34824 26.07089 29.31473 32.55857 35.6483 36.24512 36.84195 37.17388 32.59843 28.02298 23.56995 21.76335 19.95675 18.2096 18.00073 17.79185 17.46591 13.38139 9.296875 5.361701 7.713082 10.06446 12.40599 14.14891 15.89184 17.6198 17.73639 17.85297 17.96971 18.15327 18.33683 18.5204 18.83559 19.15142 19.46725 18.85102 18.22366 17.59629 16.22203 14.83345 13.44487 14.5051 15.63021 16.75532 15.90203 14.98162 14.06121 14.61879 15.23764 15.8565 21.04781 26.46369 31.87958 31.82785 31.46511 31.10238 30.83338 30.57044 30.3075 30.82368
18.07424 19.03208 19.98992 21.00379 22.73747 24.47114 26.29454 29.40386 32.51318 35.45887 35.75741 36.05595 36.11032 31.64107 27.17182 22.82468 21.11717 19.40966 17.74049 17.06327 16.38605 15.62788 12.27049 8.913098 5.697306 8.442057 11.18681 13.90374 14.93161 15.95948 16.98108 17.3275 17.67392 18.02106 18.69442 19.36777 20.04113 20.5564 21.07091 21.58542 20.95169 20.30424 19.6568 18.50361 17.34074 16.17786 16.95348 17.78045 18.60743 16.33938 13.96632 11.59327 14.38277 17.38634 20.38991 24.8126 29.305 33.79741 33.17222 32.25594 31.33967 31.58438 31.90427 32.22416 32.8139
15.85952 17.33878 18.81804 20.33143 22.28332 24.23521 26.25418 29.23457 32.21497 35.019 34.96986 34.92071 34.65863 30.45164 26.24465 22.14041 20.25731 18.37422 16.52411 15.52781 14.5315 13.50604 11.54449 9.582936 7.718248 9.930994 12.14374 14.3235 14.50058 14.67766 14.85864 15.4598 16.06096 16.66369 17.97669 19.28968 20.60268 21.51845 22.43231 23.34617 23.03162 22.70239 22.37316 21.64605 20.91131 20.17658 20.35309 20.55374 20.7544 16.79518 12.69483 8.59448 13.97855 19.7559 25.53325 28.92583 32.20127 35.47671 34.30515 32.88063 31.45612 32.16302 33.00795 33.85288 34.56486
13.6448 15.64548 17.64615 19.65907 21.82917 23.99928 26.21382 29.06529 31.91676 34.57913 34.1823 33.78547 33.20694 29.26221 25.31749 21.45614 19.39746 17.33877 15.30774 13.99235 12.67695 11.3842 10.81849 10.25278 9.73919 11.41993 13.10067 14.74327 14.06955 13.39584 12.73619 13.5921 14.44801 15.30632 17.25896 19.21159 21.16422 22.4805 23.79371 25.10693 25.11155 25.10053 25.08952 24.78848 24.48189 24.17529 23.7527 23.32703 22.90137 17.25097 11.42333 5.595691 13.57434 22.12547 30.6766 33.03905 35.09753 37.15602 35.43807 33.50532 31.57257 32.74166 34.11163 35.48159 36.31582
14.86614 16.85265 18.83915 20.82306 22.77376 24.72445 26.69554 28.95892 31.2223 33.30533 32.47066 31.636 30.65914 27.04778 23.43642 19.8989 17.95773 16.01657 14.09456 12.66837 11.24219 9.871863 10.29513 10.7184 11.16343 12.52435 13.88528 15.21021 14.34977 13.48932 12.64549 13.5909 14.53631 15.48353 17.24904 19.01456 20.78008 21.71098 22.63786 23.56473 23.66202 23.7494 23.83678 24.03234 24.22997 24.4276 23.54948 22.64286 21.73625 17.64808 13.45198 9.25588 17.13535 25.51553 33.89572 35.33249 36.42823 37.52396 35.46769 33.23213 30.99657 32.02774 33.27046 34.51318 35.38593
17.44761 19.20794 20.96826 22.71397 24.27203 25.83008 27.38393 28.87746 30.37099 31.70142 30.39324 29.08506 27.67743 24.4276 21.17776 17.99611 16.28848 14.58085 12.88264 11.42811 9.973586 8.600791 9.851992 11.10319 12.35147 13.47657 14.60167 15.69584 14.91152 14.12721 13.35903 14.32854 15.29805 16.26818 17.51932 18.77045 20.02159 20.25603 20.48557 20.7151 20.8154 20.91416 21.01292 21.73298 22.46495 23.19692 21.92012 20.5901 19.26007 18.02196 16.78696 15.55196 22.26595 29.30955 36.35315 36.90558 37.1392 37.37281 35.06057 32.60352 30.14647 30.80217 31.65944 32.51671 33.39485
20.02909 21.56323 23.09737 24.60488 25.7703 26.93571 28.07232 28.796 29.51968 30.09751 28.31581 26.53411 24.69574 21.80742 18.9191 16.09331 14.61922 13.14513 11.67072 10.18785 8.704987 7.329718 9.408851 11.48798 13.53951 14.42878 15.31806 16.18146 15.47328 14.76509 14.07257 15.06618 16.05979 17.05283 17.78959 18.52635 19.26311 18.80108 18.33327 17.86546 17.96878 18.07892 18.18906 19.43362 20.69994 21.96625 20.29076 18.53733 16.7839 18.39583 20.12194 21.84804 27.39656 33.10357 38.81058 38.47868 37.85017 37.22166 34.65345 31.97492 29.29638 29.5766 30.04842 30.52025 31.40377
20.25575 22.20861 24.16146 26.04851 27.09007 28.13163 29.10898 29.16583 29.22268 29.15064 26.9936 24.83656 22.64306 19.77417 16.90527 14.11218 12.95798 11.80377 10.66011 9.789464 8.918818 8.14188 10.37347 12.60507 14.8009 15.49126 16.18163 16.85387 16.42559 15.99731 15.57937 16.27516 16.97094 17.66509 17.61926 17.57343 17.52759 17.31186 17.09531 16.87877 17.21595 17.55976 17.90356 18.32538 18.74869 19.172 17.90024 16.58357 15.2669 18.42755 21.7401 25.05264 29.92579 34.86366 39.80152 39.09841 38.11823 37.13806 34.17753 31.10436 28.03119 27.85225 27.86074 27.86924 28.54426
19.51785 22.15358 24.78931 27.30891 28.33673 29.36454 30.28829 29.72051 29.15272 28.47291 25.98074 23.48857 20.97093 17.98133 14.99172 12.09897 11.30001 10.50105 9.731965 9.735922 9.739878 9.807372 11.91474 14.02211 16.09233 16.59891 17.10549 17.6028 17.53789 17.47298 17.41111 17.6772 17.9433 18.20674 17.26845 16.33016 15.39187 15.8086 16.23188 16.65516 17.32078 17.9893 18.65783 17.70503 16.72116 15.7373 15.19795 14.67037 14.1428 18.31912 22.65502 26.99092 31.38947 35.79061 40.19176 39.32762 38.20487 37.08212 33.67342 30.13469 26.59596 25.9236 25.43686 24.95012 25.32902
18.77994 22.09855 25.41715 28.56932 29.58339 30.59745 31.46761 30.27519 29.08277 27.79517 24.96788 22.14059 19.2988 16.18849 13.07818 10.08576 9.642048 9.198334 8.80382 9.682379 10.56094 11.47286 13.45601 15.43915 17.38377 17.70656 18.02934 18.35173 18.65019 18.94864 19.24284 19.07925 18.91565 18.74839 16.91764 15.08689 13.25614 14.30534 15.36844 16.43155 17.42561 18.41885 19.41209 17.08469 14.69364 12.30259 12.49565 12.75718 13.0187 18.21069 23.56994 28.92919 32.85313 36.71757 40.582 39.55683 38.29151 37.02619 33.1693 29.16502 25.16073 23.99494 23.01297 22.031 22.11377
18.09914 21.59234 25.08554 28.37633 29.06676 29.75719 30.29615 28.66407 27.03199 25.34373 22.74658 20.14942 17.55208 14.95116 12.35023 9.867705 9.944631 10.02155 10.15062 11.62884 13.10706 14.59214 16.29763 18.00312 19.66522 19.50134 19.33747 19.17752 19.25679 19.33606 19.4067 18.54886 17.69102 16.83091 14.94528 13.05965 11.17402 12.83847 14.52005 16.20163 17.65463 19.1049 20.55517 17.77938 14.92258 12.06577 12.92665 13.88602 14.8454 19.6024 24.48825 29.37409 32.84096 36.24899 39.65702 38.91354 37.96614 37.01875 33.19282 29.20315 25.21349 23.56671 22.07166 20.57661 20.18418
17.44255 20.895 24.34745 27.56758 27.80309 28.0386 28.12875 26.13538 24.14201 22.14083 20.01329 17.88577 15.77375 13.94917 12.12459 10.4102 11.07784 11.74547 12.46125 14.42264 16.38404 18.32735 19.69017 21.05299 22.36612 21.58725 20.80839 20.03588 19.64915 19.26242 18.86394 17.19976 15.53558 13.87157 12.28592 10.70026 9.114609 11.387 13.67802 15.96904 17.93627 19.89963 21.86299 19.03121 16.10751 13.18382 14.68514 16.30369 17.92225 21.62969 25.408 29.18631 32.20352 35.18917 38.17483 37.90058 37.46622 37.03186 33.43987 29.66826 25.89666 23.77417 21.75847 19.74278 18.79927
16.78595 20.19765 23.60935 26.75882 26.53942 26.32001 25.96135 23.60669 21.25202 18.93792 17.28001 15.62211 13.99542 12.94719 11.89895 10.9527 12.21104 13.46939 14.77188 17.21645 19.66101 22.06256 23.08271 24.10287 25.06701 23.67316 22.27932 20.89424 20.04151 19.18878 18.32117 15.85066 13.38014 10.91223 9.626551 8.340875 7.055199 9.935543 12.836 15.73645 18.21791 20.69436 23.1708 20.28304 17.29245 14.30186 16.44362 18.72136 20.9991 23.65697 26.32775 28.99852 31.56607 34.12935 36.69263 36.88763 36.9663 37.04498 33.68691 30.13337 26.57983 23.98163 21.44529 18.90895 17.41436
17.78614 20.6185 23.45085 26.08436 26.16332 26.24227 26.18737 24.21378 22.24019 20.27748 18.49065 16.70383 14.95223 13.85323 12.75424 11.77372 13.35458 14.93545 16.54359 18.85759 21.17158 23.42002 23.56393 23.70784 23.80081 21.74914 19.69748 17.66885 17.03834 16.40783 15.76512 13.80894 11.85275 9.899199 9.138776 8.378354 7.617931 10.2932 12.98505 15.67691 18.32529 20.97314 23.621 20.18251 16.62735 13.07218 15.81903 18.73284 21.64666 24.01831 26.37156 28.72482 30.74385 32.74902 34.75419 35.25199 35.67575 36.09952 33.27689 30.26962 27.26234 24.57358 21.90545 19.23731 17.38971
19.51201 21.52911 23.54621 25.46872 26.17598 26.88324 27.46172 26.19436 24.92701 23.60665 21.42875 19.25085 17.10705 15.59501 14.08297 12.71673 14.50264 16.28856 18.07926 19.99385 21.90845 23.73603 22.76998 21.80393 20.79699 18.06876 15.34052 12.65476 12.5479 12.44105 12.32724 11.46385 10.60046 9.738665 9.602168 9.465672 9.329176 11.44326 13.56821 15.69316 18.35634 21.02595 23.69556 19.48964 15.15192 10.8142 14.15064 17.69041 21.23017 23.64994 26.03172 28.4135 29.8407 31.22831 32.61592 33.34362 34.03891 34.73421 32.57908 30.26182 27.94456 25.33394 22.70432 20.07471 17.96085
21.23788 22.43973 23.64157 24.85308 26.18864 27.5242 28.73607 28.17495 27.61383 26.93582 24.36684 21.79786 19.26186 17.33678 15.4117 13.65975 15.65071 17.64167 19.61492 21.13012 22.64532 24.05204 21.97603 19.90002 17.79318 14.38837 10.98356 7.640666 8.05747 8.474275 8.889355 9.118757 9.348161 9.578131 10.06556 10.55299 11.04042 12.59332 14.15137 15.70942 18.3874 21.07876 23.77012 18.79677 13.67649 8.556219 12.48226 16.64797 20.81368 23.28158 25.69188 28.10219 28.93754 29.70759 30.47764 31.43525 32.40207 33.3689 31.88126 30.25402 28.62678 26.0943 23.5032 20.9121 18.532
21.7978 22.27836 22.75891 23.3049 24.69147 26.07804 27.38729 27.5884 27.78951 27.84733 25.58703 23.32674 21.10277 19.55173 18.0007 16.58397 18.07084 19.5577 20.99412 21.12526 21.2564 21.32538 19.3987 17.47203 15.5276 12.83592 10.14424 7.505024 8.051423 8.597821 9.143447 9.605811 10.06818 10.52993 10.71276 10.8956 11.07844 12.64024 14.2087 15.77715 18.52564 21.28823 24.05083 19.05807 13.91666 8.775251 12.67379 16.81184 20.94988 23.63235 26.26543 28.89851 29.05533 29.10948 29.16363 29.98369 30.84137 31.69905 30.75017 29.69854 28.6469 26.39841 24.07241 21.74641 19.22037
21.82998 21.63177 21.43357 21.33463 22.5109 23.68717 24.8512 25.83989 26.82857 27.66452 26.02965 24.39478 22.8016 21.98087 21.16014 20.40495 21.06674 21.72853 22.3025 20.60389 18.90529 17.22152 16.01416 14.80681 13.59616 12.24664 10.89712 9.577522 10.07515 10.57278 11.06864 11.37478 11.68092 11.98519 11.44317 10.90114 10.35911 12.18784 14.02801 15.86819 18.71241 21.56862 24.42484 19.75127 14.93336 10.11546 13.70719 17.52172 21.33626 24.30861 27.2524 30.19619 29.63524 28.92897 28.22269 28.73888 29.31511 29.89135 29.42296 28.89515 28.36735 26.49601 24.53767 22.57932 19.96179
