includes/dem_pilot2.asc
ncols         231
nrows         184
xllcorner     171882.33999373
yllcorner     1690294.8791152
cellsize      89.856478266053
NODATA_value  -9999
[rows 87 to 115 of 184, columns 0 to 64 of 231]
0 0 0 0 0 0 0 0 0 0 0 0 15.9607 14.99395 14.01167 11.66611 11.19021 11.69482 16.25951 15.6491 13.67167 13.49228 13.28974 15.83507 17.25069 17.18268 15.02471 13.91287 12.82301 10.89007 6.7803 5.488394 9.102042 9.832623 5.3346 5.569838 8.897128 8.099109 6.41539 10.6478 10.63132 11.36293 10.9871 8.059422 12.09819 16.94111 13.2862 7.145011 9.52725 8.583916 5.012539 7.464798 9.662642 13.36176 15.74714 11.84024 5.231494 13.82638 14.49876 10.94036 8.921901 19.9311 28.61228 21.00614 17.79812
0 0 0 0 0 0 0 0 0 0 0 0 27.417 22.44371 18.43883 18.15347 21.26457 23.55297 25.50746 24.22979 23.69614 23.08529 19.44814 20.07347 20.08227 19.98462 18.91419 19.69241 18.34454 16.11095 13.71577 10.09264 8.148432 8.391932 9.573247 9.478438 8.654481 8.359604 9.287675 12.29748 10.93098 12.83731 9.991583 8.543726 14.10677 19.39237 9.662642 5.217109 13.09803 12.3231 11.00464 15.54257 17.90136 17.77844 17.27955 20.50817 24.21998 20.2401 11.99366 21.43821 9.970262 23.51265 31.73124 13.57864 21.69864
0 0 0 0 0 0 0 0 0 0 0 0 36.25697 34.75849 27.82541 26.51759 28.55534 28.85209 29.7188 31.45549 32.91401 33.50319 31.82227 30.84031 29.27523 27.99113 24.01328 21.40965 17.9122 16.27765 17.69631 16.00456 13.68196 12.43409 12.58931 13.12548 12.63635 12.15522 9.767384 10.796 11.96974 13.49577 12.14787 10.29095 17.47992 21.62726 12.5217 7.068192 12.12428 15.22062 14.54954 12.06857 11.27853 15.63922 19.64498 18.95915 10.37777 10.2348 21.5749 20.32037 1.872364 27.32271 30.70672 10.2348 29.95975
0 0 0 0 0 0 0 0 0 0 0 27.86418 31.95622 37.29694 37.04642 35.66231 33.96967 31.64022 30.85068 34.64035 37.07475 37.79563 37.96838 38.98429 38.79043 38.63865 36.01221 32.40116 27.80722 24.48567 23.03298 18.8099 14.30698 11.6738 12.27277 16.5538 21.62726 23.50965 18.1486 13.01935 12.10607 13.44952 14.19826 15.65422 20.95991 24.4083 20.22796 10.79209 9.932983 13.0854 14.03624 12.02696 11.27853 14.06616 12.29312 9.694758 18.06003 22.55577 19.92679 14.64215 2.422731 25.20349 25.91938 16.74244 28.85224
0 0 0 0 0 0 0 0 0 0 0 23.30647 27.72437 34.61651 38.48812 37.87941 36.78384 35.93842 32.74528 33.39217 33.96515 36.18007 38.90264 40.97638 43.1371 45.62309 45.20553 44.16792 40.84145 36.62518 31.4572 23.52674 18.48559 18.03857 20.47183 24.7591 29.41623 34.00697 30.81792 21.62341 12.4932 13.36176 20.31091 23.21423 24.13187 22.00069 21.43748 14.48794 12.87827 14.86663 16.35451 16.51411 17.31159 17.15034 15.80619 22.07576 18.43286 15.28024 12.80268 12.0056 7.34268 23.18809 25.16114 24.36037 24.43413
0 0 0 0 0 0 0 0 0 0 0 20.2891 21.67633 20.78454 28.45082 33.02602 35.91411 39.09529 39.08275 34.40344 31.80709 35.88997 37.6763 35.9507 37.92484 42.59831 44.17301 44.38997 42.9645 43.29908 41.41145 30.49294 22.90765 24.51158 26.68223 26.31576 23.52652 28.38208 30.59367 28.11776 19.49898 19.52808 24.14112 23.82756 27.44769 20.92238 18.55057 18.87141 23.62948 25.25857 24.15507 21.86156 20.6012 15.48341 22.01455 24.22775 16.84882 15.8412 12.0215 13.1793 8.722329 12.01356 19.93999 26.73534 25.9688
0 0 0 0 0 0 0 0 0 0 8.327882 14.43973 27.17361 19.15808 9.817752 14.11918 20.89587 31.27943 38.06736 34.79092 29.06737 33.20515 35.94931 34.03756 30.75494 31.31924 36.63131 38.64531 36.23158 40.66097 46.58713 40.78104 25.34133 28.03178 34.08301 32.2828 24.76147 24.67112 26.68521 25.98639 22.43343 25.02487 22.49848 22.5891 28.46059 18.54494 17.02816 22.46747 26.55391 27.38995 26.96509 28.09892 27.09144 25.88347 30.11732 21.53157 17.44955 14.57863 9.06767 16.48186 21.37638 11.82053 3.15594 8.093779 6.61411
0 0 0 0 0 0 0 0 0 0 15.17136 8.608932 18.40268 26.21183 23.70817 19.60455 14.51358 17.83303 23.76377 31.97076 28.69623 28.13834 29.24355 32.54467 30.87153 28.01058 31.39067 34.23069 27.33081 28.99155 41.23036 48.24335 36.38074 33.2631 36.17406 35.46375 34.35249 34.71091 34.94883 30.60738 26.69627 26.24667 18.83633 27.83621 28.62726 17.01759 19.21926 24.88959 27.09829 28.77805 29.78526 27.82754 20.61973 28.52586 34.561 30.18063 27.86287 18.48886 16.30483 20.3623 27.78769 31.25722 27.36032 25.47573 23.63203
0 0 0 0 0 0 0 0 0 0 0 18.77992 4.63002 15.19525 22.46222 25.15362 24.26243 19.57368 15.50341 24.60183 30.77427 23.01999 19.30158 24.14933 30.05304 27.85306 31.21125 34.67107 29.68415 27.1627 34.0479 47.91759 44.59064 33.39182 31.07849 30.02654 37.81048 43.22678 43.62124 35.23153 28.83823 25.41379 22.83647 30.77482 31.06705 29.94621 29.39406 30.14096 29.56136 27.3997 24.25815 20.95991 15.84228 19.68666 27.07979 31.50223 33.27217 28.9235 29.69937 29.58125 30.46505 32.42511 30.00144 27.20493 27.01162
0 0 0 0 0 0 0 0 0 0 0 0 17.48535 4.156655 17.40789 22.9986 24.37272 27.21088 27.68759 17.41206 19.32405 20.30382 18.15317 22.3244 23.42569 25.59046 31.12872 33.62613 32.49833 32.59088 33.18279 43.06785 48.62513 37.57547 30.39188 28.31099 36.09873 43.61364 48.79301 40.41593 30.40351 26.74881 29.30206 32.78219 33.20137 36.90466 37.49433 35.02177 26.26109 14.06783 15.15882 18.99336 18.10194 12.06857 14.637 23.5834 27.08887 31.74171 35.58179 34.40168 31.06759 30.44004 29.59552 26.4301 23.4598
0 0 0 0 0 0 0 0 0 0 0 0 0 14.17072 12.50033 17.19442 18.28918 25.69525 33.46041 27.13932 6.611287 13.3622 16.17858 21.87104 18.25235 23.45015 31.41916 32.72143 31.56177 31.29338 27.74019 28.47665 39.3993 39.28811 32.86592 30.37153 33.32823 37.96609 47.94943 46.42644 37.12746 29.42278 30.07806 30.87385 29.6701 32.23772 35.26543 32.31478 24.38486 19.35965 18.4722 18.49718 15.86281 14.01042 15.34558 17.13071 19.05667 28.8165 33.36094 34.90234 32.91858 30.5251 27.1857 24.31676 18.76564
0 0 0 0 0 0 0 0 0 0 0 0 0 0 16.68978 14.36463 12.88424 25.70271 32.22957 27.0185 12.2334 2.07422 10.71514 19.03836 17.14773 17.50289 29.43229 30.21964 24.77095 19.07467 17.67807 16.00456 22.76945 30.67588 32.98857 32.04438 26.14175 26.14266 33.58898 38.76493 39.01504 34.23469 31.82227 29.90612 28.18712 28.06539 29.9455 29.93238 34.50989 28.30383 21.03796 18.95829 16.80228 19.44062 21.37345 13.08766 11.03962 17.65128 20.17982 24.09649 30.3378 31.35896 24.72884 21.9524 16.18139
0 0 0 0 0 0 0 0 0 0 0 0 0 0 0 23.25879 19.55462 28.07539 26.1809 21.63882 16.00136 11.5826 16.01026 20.3746 21.29414 14.85885 24.84661 25.65023 20.3623 17.21689 11.73672 15.94032 18.58929 17.51341 24.21569 27.46377 19.75415 26.15916 26.63458 33.72721 40.84899 41.29556 35.13991 28.92166 31.41442 32.1068 28.8003 28.636 38.51441 35.75386 22.86654 15.19866 13.25779 18.94274 25.07785 14.23311 12.30861 13.4329 16.72929 10.04013 19.48483 28.85224 25.16866 19.7596 14.34842
0 0 0 0 0 0 0 0 0 0 0 0 0 0 0 0 25.05439 31.34785 26.02446 21.65686 25.99866 27.92989 29.80881 30.64608 29.60612 21.54611 29.67713 31.28673 22.32095 17.11105 12.77258 14.27071 17.67397 15.65093 15.28927 14.54555 19.98596 29.77871 31.73706 34.56829 39.35706 45.34441 42.74975 32.05807 34.90106 38.39647 34.58047 30.23621 37.96266 38.24714 31.27411 24.19053 13.55917 16.41955 24.80745 21.57297 18.53546 14.35491 18.83546 9.837574 18.44509 23.92194 25.33599 23.60742 15.39231
0 0 0 0 0 0 0 0 0 0 0 0 0 0 0 0 0 32.88944 30.25997 29.13906 31.93338 30.84318 29.05764 31.74326 30.91846 27.09435 36.76249 38.88205 30.10947 26.42742 20.16391 15.2312 17.37447 18.34454 13.24311 12.51743 18.50698 29.3076 32.51412 31.50576 32.92724 41.08047 45.85004 37.27921 35.39236 33.635 31.82471 33.96549 37.02271 35.45541 34.87034 32.64234 22.28935 14.78273 21.69936 22.44371 21.48496 20.02349 20.91632 14.19703 22.60652 23.34537 28.35149 32.99432 26.02373
0 0 0 0 0 0 0 0 0 0 0 0 0 0 0 0 0 25.25666 26.87424 27.58603 29.93916 29.66658 29.02615 30.65892 27.8903 25.87775 36.66869 38.88205 31.88887 34.23413 32.28355 24.07774 20.24564 18.90842 14.99818 16.90587 21.45892 25.92637 32.11969 31.49226 29.09241 30.67919 38.67337 38.17406 34.15467 24.90644 29.55324 31.79228 31.92878 30.68249 31.42035 34.2248 30.76563 20.88778 19.21021 20.75116 22.56575 24.09567 21.09019 15.93281 23.00764 22.23478 23.0061 31.50576 28.81095
0 0 0 0 0 0 0 0 0 0 0 0 0 0 0 0 0 14.52757 24.94243 19.00139 21.16361 26.38904 27.9981 27.61841 23.20923 22.13345 35.39226 37.26017 31.22619 34.43714 37.17934 33.12457 28.53606 23.26465 17.55158 21.12856 24.69019 19.41582 16.73705 20.38767 26.28413 23.30539 21.50221 18.34905 11.19988 22.89255 33.25991 23.16125 20.50687 25.60735 30.71663 32.67705 29.77231 24.30456 21.74127 25.65173 26.44329 21.28133 12.56382 6.533658 13.59765 17.60548 17.80686 27.39079 27.05904
0 0 0 0 0 0 0 0 0 0 0 0 0 0 0 0 0 0 17.33387 26.09814 26.20478 30.21752 26.38457 23.08529 18.28616 15.00011 31.51494 36.23903 32.78426 30.53748 31.90718 28.34467 28.50953 29.09241 26.56823 26.35719 17.83646 5.044945 12.11592 15.72533 25.85413 27.0381 22.65283 23.74021 27.32406 34.89818 36.33137 23.55041 14.37758 10.91552 24.0257 27.12207 24.48567 28.7864 29.60258 26.96267 20.49883 15.97784 12.44985 12.90168 11.29345 2.820198 10.44063 18.86909 19.96796
0 0 0 0 0 0 0 0 0 0 0 0 0 0 0 0 0 0 9.468127 16.18139 27.06968 35.71975 30.13797 24.82536 22.67987 13.45477 26.78235 31.67801 27.58204 25.267 24.49351 19.67241 22.9774 27.05733 25.09005 18.65086 10.67445 16.15748 15.68928 21.07172 30.62563 29.75585 24.45006 24.8411 26.21183 31.07203 31.39437 25.54214 25.00853 23.25879 23.11664 17.51341 9.463613 17.28215 15.59264 11.84075 20.08973 26.48297 24.44462 21.74892 21.61184 20.02456 20.98279 18.48797 13.14839
0 0 0 0 0 0 0 0 0 0 0 0 0 0 0 0 0 0 0 12.59355 20.77538 36.09071 33.46122 28.78439 30.21468 20.47079 24.05959 29.74375 26.24829 24.9084 26.70329 23.52909 21.76062 18.18023 6.684264 13.65793 28.25731 22.64809 19.92706 28.07845 30.73641 23.6898 24.73478 28.39474 24.59325 22.04835 23.59956 21.6684 11.89314 15.71078 22.90698 17.26594 12.35156 13.4329 14.926 10.76183 24.41315 34.18053 26.83045 20.73355 21.54611 23.13065 23.19899 22.4126 22.98292
0 0 0 0 0 0 0 0 0 0 0 0 0 0 0 0 0 0 0 0 12.52596 28.9535 33.2877 36.937 38.9833 22.56598 15.14018 25.97778 28.12162 27.26909 28.63241 22.3343 22.45742 21.93069 11.95926 27.05441 34.64122 27.09624 29.31299 34.35194 29.3411 23.72841 30.89644 34.6568 26.93244 15.02894 13.83315 22.68032 23.65745 19.19861 16.92716 14.03042 17.31159 20.19253 18.88732 15.00588 22.38417 35.46375 25.99976 19.90549 20.79192 25.00619 21.09094 16.5076 14.45542
0 0 0 0 0 0 0 0 0 0 0 0 0 0 0 0 0 0 0 0 0 21.64171 19.21672 36.38395 45.66978 33.76302 2.260843 18.61584 22.90232 23.25879 26.85461 22.85363 25.81104 28.67337 23.51713 30.8339 33.04836 25.40753 26.26235 30.61955 26.65482 26.97458 32.64467 32.24512 23.11336 21.69649 16.42403 6.389126 17.77094 27.48402 22.91763 13.89267 11.34071 16.72794 16.90487 17.21038 19.19352 30.67795 28.36545 26.20117 22.0795 24.64726 20.73355 16.53876 19.43839
0 0 0 0 0 0 0 0 0 0 0 0 0 0 0 0 0 0 0 0 0 0 17.10842 25.2442 40.47046 39.87695 17.04695 11.55358 19.12312 18.97066 21.8746 19.20484 27.86483 36.69923 35.30737 34.79972 34.06103 28.94019 27.61393 29.4146 27.75352 29.49414 32.56742 29.58272 23.9494 23.62609 28.43567 26.17058 15.32758 20.34659 22.26417 22.33085 14.94379 8.826538 14.07695 17.31934 17.74183 22.95286 29.99224 30.7452 22.95197 15.00434 18.53161 17.83148 22.40366
0 0 0 0 0 0 0 0 0 0 0 0 0 0 0 0 0 0 0 0 0 0 0 25.43806 33.34324 33.52731 24.52742 13.5023 27.71646 31.25616 23.93089 9.44747 23.17261 42.16916 43.93993 39.51745 35.30737 32.16912 30.03342 27.72767 28.30145 29.94766 30.53469 29.89991 28.27342 24.75831 25.97778 29.69191 26.59509 22.43068 24.87253 22.74862 13.44996 10.20036 17.89609 16.80194 12.45319 14.49355 30.93841 32.72812 22.38417 7.012659 15.2919 21.4655 17.64781
0 0 0 0 0 0 0 0 0 0 0 0 0 0 0 0 0 0 0 0 0 0 0 22.3085 24.58326 20.87868 25.2465 34.32944 42.34237 41.31416 33.83416 28.61228 31.38236 45.71194 48.79658 44.64473 36.37228 32.40737 29.34663 27.35442 29.24039 28.2911 26.84731 30.34849 28.72991 25.56623 23.82987 24.79917 27.59733 29.97313 32.86158 28.25173 18.89455 13.22886 22.18164 19.19069 12.50271 20.55191 33.69122 33.31579 22.3002 15.69183 22.32786 25.15497 20.34004
0 0 0 0 0 0 0 0 0 0 0 0 0 0 0 0 0 0 0 0 0 0 0 7.714196 14.71008 24.42465 28.53276 34.75333 42.10252 38.23805 30.86867 30.93393 36.62441 45.55294 50.13731 48.95582 40.95751 36.58337 32.79626 29.7001 30.82365 29.4507 28.37464 31.99393 27.81181 23.12803 23.00676 23.16213 22.33085 24.23428 29.44432 28.98911 28.17671 24.58026 23.94005 21.05673 22.00327 30.11689 33.97057 30.48109 19.45815 17.73054 22.14487 18.70836 20.30382
0 0 0 0 0 0 0 0 0 0 0 0 0 0 0 0 0 0 0 0 0 0 0 24.69713 27.09299 29.40612 24.61061 31.99292 39.05132 31.65192 26.20767 26.70329 31.49855 41.19587 50.58773 51.32241 41.96181 37.56401 31.98808 24.6745 25.43257 24.77905 23.1979 27.20629 22.97431 19.118 21.53084 24.08021 20.91355 21.28724 26.99268 27.61326 29.05734 30.72611 22.87099 17.77313 24.84425 26.30876 26.62612 25.29092 16.52302 19.17595 20.4083 11.56032 11.63834
0 0 0 0 0 0 0 0 0 0 0 0 0 0 0 0 0 0 0 0 0 0 0 24.11316 24.11316 27.2999 28.89405 32.64198 34.57394 28.17157 29.42887 32.09757 31.67762 40.69137 50.87925 49.84032 35.3494 28.54986 26.81948 24.56267 18.94649 20.78963 18.35145 22.81974 22.47933 18.28646 19.97629 24.24755 22.37384 21.77304 28.21722 30.34385 27.65767 30.12202 26.55037 19.13677 25.67733 23.20248 21.33765 23.50752 21.22382 24.1807 19.07723 9.729892 7.131978
0 0 0 0 0 0 0 0 0 0 0 0 0 0 0 0 0 0 0 0 0 0 0 18.61171 27.01936 21.93848 26.75144 29.44358 35.62893 33.0728 27.94242 29.1637 32.6834 38.65147 44.89907 44.12535 35.29864 29.04396 23.09582 25.28385 23.1606 22.98999 21.74461 24.33543 26.22556 19.53361 16.39917 19.02233 18.52301 14.61321 24.77332 27.74874 20.93246 20.7662 25.71221 25.27255 25.642 21.32562 22.99617 27.58204 24.13454 19.07837 10.71119 6.962017 6.435741
